  0.0000000E+00  0.0000000E+00  0.0000000E+00
  0.5000000E+00  0.5000000E+00  0.0000000E+00
  0.1000000E+01  0.0000000E+00  0.0000000E+00
  0.1500000E+01  0.5000000E+00  0.0000000E+00
  0.2000000E+01  0.0000000E+00  0.0000000E+00
  0.2500000E+01  0.5000000E+00  0.0000000E+00
  0.3000000E+01  0.0000000E+00  0.0000000E+00
  0.3500000E+01  0.5000000E+00  0.0000000E+00
  0.4000000E+01  0.0000000E+00  0.0000000E+00
  0.4500000E+01  0.5000000E+00  0.0000000E+00
  0.5000000E+01  0.0000000E+00  0.0000000E+00
  0.5500000E+01  0.5000000E+00  0.0000000E+00
  0.6000000E+01  0.0000000E+00  0.0000000E+00
  0.6500000E+01  0.5000000E+00  0.0000000E+00
  0.7000000E+01  0.0000000E+00  0.0000000E+00
  0.7500000E+01  0.5000000E+00  0.0000000E+00
  0.8000000E+01  0.0000000E+00  0.0000000E+00
  0.8500000E+01  0.5000000E+00  0.0000000E+00
  0.9000000E+01  0.0000000E+00  0.0000000E+00
  0.9500000E+01  0.5000000E+00  0.0000000E+00
  0.0000000E+00  0.1000000E+01  0.2332129E-14
  0.5000000E+00  0.1500000E+01  0.1019049E-13
  0.1000000E+01  0.1000000E+01  0.2332129E-14
  0.1500000E+01  0.1500000E+01  0.1019049E-13
  0.2000000E+01  0.1000000E+01  0.2332129E-14
  0.2500000E+01  0.1500000E+01  0.1019049E-13
  0.3000000E+01  0.1000000E+01  0.2332129E-14
  0.3500000E+01  0.1500000E+01  0.1019049E-13
  0.4000000E+01  0.1000000E+01  0.2332129E-14
  0.4500000E+01  0.1500000E+01  0.1019049E-13
  0.5000000E+01  0.1000000E+01  0.2332129E-14
  0.5500000E+01  0.1500000E+01  0.1019049E-13
  0.6000000E+01  0.1000000E+01  0.2332129E-14
  0.6500000E+01  0.1500000E+01  0.1019049E-13
  0.7000000E+01  0.1000000E+01  0.2332129E-14
  0.7500000E+01  0.1500000E+01  0.1019049E-13
  0.8000000E+01  0.1000000E+01  0.2332129E-14
  0.8500000E+01  0.1500000E+01  0.1019049E-13
  0.9000000E+01  0.1000000E+01  0.2332129E-14
  0.9500000E+01  0.1500000E+01  0.1019049E-13
  0.0000000E+00  0.2000000E+01  0.6226164E-14
  0.5000000E+00  0.2500000E+01  0.4139793E-14
  0.1000000E+01  0.2000000E+01  0.6226164E-14
  0.1500000E+01  0.2500000E+01  0.4139793E-14
  0.2000000E+01  0.2000000E+01  0.6226164E-14
  0.2500000E+01  0.2500000E+01  0.4139793E-14
  0.3000000E+01  0.2000000E+01  0.6226164E-14
  0.3500000E+01  0.2500000E+01  0.4139793E-14
  0.4000000E+01  0.2000000E+01  0.6226164E-14
  0.4500000E+01  0.2500000E+01  0.4139793E-14
  0.5000000E+01  0.2000000E+01  0.6226164E-14
  0.5500000E+01  0.2500000E+01  0.4139793E-14
  0.6000000E+01  0.2000000E+01  0.6226164E-14
  0.6500000E+01  0.2500000E+01  0.4139793E-14
  0.7000000E+01  0.2000000E+01  0.6226164E-14
  0.7500000E+01  0.2500000E+01  0.4139793E-14
  0.8000000E+01  0.2000000E+01  0.6226164E-14
  0.8500000E+01  0.2500000E+01  0.4139793E-14
  0.9000000E+01  0.2000000E+01  0.6226164E-14
  0.9500000E+01  0.2500000E+01  0.4139793E-14
  0.0000000E+00  0.3000000E+01  0.7202986E-14
  0.5000000E+00  0.3500000E+01  0.3828258E-14
  0.1000000E+01  0.3000000E+01  0.7202986E-14
  0.1500000E+01  0.3500000E+01  0.3828258E-14
  0.2000000E+01  0.3000000E+01  0.7202986E-14
  0.2500000E+01  0.3500000E+01  0.3828258E-14
  0.3000000E+01  0.3000000E+01  0.7202986E-14
  0.3500000E+01  0.3500000E+01  0.3828258E-14
  0.4000000E+01  0.3000000E+01  0.7202986E-14
  0.4500000E+01  0.3500000E+01  0.3828258E-14
  0.5000000E+01  0.3000000E+01  0.7202986E-14
  0.5500000E+01  0.3500000E+01  0.3828258E-14
  0.6000000E+01  0.3000000E+01  0.7202986E-14
  0.6500000E+01  0.3500000E+01  0.3828258E-14
  0.7000000E+01  0.3000000E+01  0.7202986E-14
  0.7500000E+01  0.3500000E+01  0.3828258E-14
  0.8000000E+01  0.3000000E+01  0.7202986E-14
  0.8500000E+01  0.3500000E+01  0.3828258E-14
  0.9000000E+01  0.3000000E+01  0.7202986E-14
  0.9500000E+01  0.3500000E+01  0.3828258E-14
  0.0000000E+00  0.4000000E+01  0.2835963E-14
  0.5000000E+00  0.4500000E+01  0.3171917E-14
  0.1000000E+01  0.4000000E+01  0.2835963E-14
  0.1500000E+01  0.4500000E+01  0.3171917E-14
  0.2000000E+01  0.4000000E+01  0.2835963E-14
  0.2500000E+01  0.4500000E+01  0.3171917E-14
  0.3000000E+01  0.4000000E+01  0.2835963E-14
  0.3500000E+01  0.4500000E+01  0.3171917E-14
  0.4000000E+01  0.4000000E+01  0.2835963E-14
  0.4500000E+01  0.4500000E+01  0.3171917E-14
  0.5000000E+01  0.4000000E+01  0.2835963E-14
  0.5500000E+01  0.4500000E+01  0.3171917E-14
  0.6000000E+01  0.4000000E+01  0.2835963E-14
  0.6500000E+01  0.4500000E+01  0.3171917E-14
  0.7000000E+01  0.4000000E+01  0.2835963E-14
  0.7500000E+01  0.4500000E+01  0.3171917E-14
  0.8000000E+01  0.4000000E+01  0.2835963E-14
  0.8500000E+01  0.4500000E+01  0.3171917E-14
  0.9000000E+01  0.4000000E+01  0.2835963E-14
  0.9500000E+01  0.4500000E+01  0.3171917E-14
  0.0000000E+00  0.5000000E+01  0.4103345E-14
  0.5000000E+00  0.5500000E+01  0.9495004E-14
  0.1000000E+01  0.5000000E+01  0.4103345E-14
  0.1500000E+01  0.5500000E+01  0.9495004E-14
  0.2000000E+01  0.5000000E+01  0.4103345E-14
  0.2500000E+01  0.5500000E+01  0.9495004E-14
  0.3000000E+01  0.5000000E+01  0.4103345E-14
  0.3500000E+01  0.5500000E+01  0.9495004E-14
  0.4000000E+01  0.5000000E+01  0.4103345E-14
  0.4500000E+01  0.5500000E+01  0.9495004E-14
  0.5000000E+01  0.5000000E+01  0.4103345E-14
  0.5500000E+01  0.5500000E+01  0.9495004E-14
  0.6000000E+01  0.5000000E+01  0.4103345E-14
  0.6500000E+01  0.5500000E+01  0.9495004E-14
  0.7000000E+01  0.5000000E+01  0.4103345E-14
  0.7500000E+01  0.5500000E+01  0.9495004E-14
  0.8000000E+01  0.5000000E+01  0.4103345E-14
  0.8500000E+01  0.5500000E+01  0.9495004E-14
  0.9000000E+01  0.5000000E+01  0.4103345E-14
  0.9500000E+01  0.5500000E+01  0.9495004E-14
  0.0000000E+00  0.6000000E+01  0.7120157E-14
  0.5000000E+00  0.6500000E+01  0.7302407E-14
  0.1000000E+01  0.6000000E+01  0.7120157E-14
  0.1500000E+01  0.6500000E+01  0.7302407E-14
  0.2000000E+01  0.6000000E+01  0.7120157E-14
  0.2500000E+01  0.6500000E+01  0.7302407E-14
  0.3000000E+01  0.6000000E+01  0.7120157E-14
  0.3500000E+01  0.6500000E+01  0.7302407E-14
  0.4000000E+01  0.6000000E+01  0.7120157E-14
  0.4500000E+01  0.6500000E+01  0.7302407E-14
  0.5000000E+01  0.6000000E+01  0.7120157E-14
  0.5500000E+01  0.6500000E+01  0.7302407E-14
  0.6000000E+01  0.6000000E+01  0.7120157E-14
  0.6500000E+01  0.6500000E+01  0.7302407E-14
  0.7000000E+01  0.6000000E+01  0.7120157E-14
  0.7500000E+01  0.6500000E+01  0.7302407E-14
  0.8000000E+01  0.6000000E+01  0.7120157E-14
  0.8500000E+01  0.6500000E+01  0.7302407E-14
  0.9000000E+01  0.6000000E+01  0.7120157E-14
  0.9500000E+01  0.6500000E+01  0.7302407E-14
  0.0000000E+00  0.7000000E+01  0.4896323E-14
  0.5000000E+00  0.7500000E+01  0.3885781E-14
  0.1000000E+01  0.7000000E+01  0.4896323E-14
  0.1500000E+01  0.7500000E+01  0.3885781E-14
  0.2000000E+01  0.7000000E+01  0.4896323E-14
  0.2500000E+01  0.7500000E+01  0.3885781E-14
  0.3000000E+01  0.7000000E+01  0.4896323E-14
  0.3500000E+01  0.7500000E+01  0.3885781E-14
  0.4000000E+01  0.7000000E+01  0.4896323E-14
  0.4500000E+01  0.7500000E+01  0.3885781E-14
  0.5000000E+01  0.7000000E+01  0.4896323E-14
  0.5500000E+01  0.7500000E+01  0.3885781E-14
  0.6000000E+01  0.7000000E+01  0.4896323E-14
  0.6500000E+01  0.7500000E+01  0.3885781E-14
  0.7000000E+01  0.7000000E+01  0.4896323E-14
  0.7500000E+01  0.7500000E+01  0.3885781E-14
  0.8000000E+01  0.7000000E+01  0.4896323E-14
  0.8500000E+01  0.7500000E+01  0.3885781E-14
  0.9000000E+01  0.7000000E+01  0.4896323E-14
  0.9500000E+01  0.7500000E+01  0.3885781E-14
  0.0000000E+00  0.8000000E+01  0.4081580E-15
  0.5000000E+00  0.8500000E+01  0.2206839E-13
  0.1000000E+01  0.8000000E+01  0.4081580E-15
  0.1500000E+01  0.8500000E+01  0.2206839E-13
  0.2000000E+01  0.8000000E+01  0.4081580E-15
  0.2500000E+01  0.8500000E+01  0.2206839E-13
  0.3000000E+01  0.8000000E+01  0.4081580E-15
  0.3500000E+01  0.8500000E+01  0.2206839E-13
  0.4000000E+01  0.8000000E+01  0.4081580E-15
  0.4500000E+01  0.8500000E+01  0.2206839E-13
  0.5000000E+01  0.8000000E+01  0.4081580E-15
  0.5500000E+01  0.8500000E+01  0.2206839E-13
  0.6000000E+01  0.8000000E+01  0.4081580E-15
  0.6500000E+01  0.8500000E+01  0.2206839E-13
  0.7000000E+01  0.8000000E+01  0.4081580E-15
  0.7500000E+01  0.8500000E+01  0.2206839E-13
  0.8000000E+01  0.8000000E+01  0.4081580E-15
  0.8500000E+01  0.8500000E+01  0.2206839E-13
  0.9000000E+01  0.8000000E+01  0.4081580E-15
  0.9500000E+01  0.8500000E+01  0.2206839E-13
  0.0000000E+00  0.9000000E+01  0.1594021E-13
  0.5000000E+00  0.9500000E+01  0.6917545E-14
  0.1000000E+01  0.9000000E+01  0.1594021E-13
  0.1500000E+01  0.9500000E+01  0.6917545E-14
  0.2000000E+01  0.9000000E+01  0.1594021E-13
  0.2500000E+01  0.9500000E+01  0.6917545E-14
  0.3000000E+01  0.9000000E+01  0.1594021E-13
  0.3500000E+01  0.9500000E+01  0.6917545E-14
  0.4000000E+01  0.9000000E+01  0.1594021E-13
  0.4500000E+01  0.9500000E+01  0.6917545E-14
  0.5000000E+01  0.9000000E+01  0.1594021E-13
  0.5500000E+01  0.9500000E+01  0.6917545E-14
  0.6000000E+01  0.9000000E+01  0.1594021E-13
  0.6500000E+01  0.9500000E+01  0.6917545E-14
  0.7000000E+01  0.9000000E+01  0.1594021E-13
  0.7500000E+01  0.9500000E+01  0.6917545E-14
  0.8000000E+01  0.9000000E+01  0.1594021E-13
  0.8500000E+01  0.9500000E+01  0.6917545E-14
  0.9000000E+01  0.9000000E+01  0.1594021E-13
  0.9500000E+01  0.9500000E+01  0.6917545E-14
  0.0000000E+00  0.1000000E+02  0.3615290E-14
  0.5000000E+00  0.1050000E+02  0.8582938E-15
  0.1000000E+01  0.1000000E+02  0.3615290E-14
  0.1500000E+01  0.1050000E+02  0.8582938E-15
  0.2000000E+01  0.1000000E+02  0.3615290E-14
  0.2500000E+01  0.1050000E+02  0.8582938E-15
  0.3000000E+01  0.1000000E+02  0.3615290E-14
  0.3500000E+01  0.1050000E+02  0.8582938E-15
  0.4000000E+01  0.1000000E+02  0.3615290E-14
  0.4500000E+01  0.1050000E+02  0.8582938E-15
  0.5000000E+01  0.1000000E+02  0.3615290E-14
  0.5500000E+01  0.1050000E+02  0.8582938E-15
  0.6000000E+01  0.1000000E+02  0.3615290E-14
  0.6500000E+01  0.1050000E+02  0.8582938E-15
  0.7000000E+01  0.1000000E+02  0.3615290E-14
  0.7500000E+01  0.1050000E+02  0.8582938E-15
  0.8000000E+01  0.1000000E+02  0.3615290E-14
  0.8500000E+01  0.1050000E+02  0.8582938E-15
  0.9000000E+01  0.1000000E+02  0.3615290E-14
  0.9500000E+01  0.1050000E+02  0.8582938E-15
  0.0000000E+00  0.1100000E+02  0.2090317E-13
  0.5000000E+00  0.1150000E+02  0.2582909E-14
  0.1000000E+01  0.1100000E+02  0.2090317E-13
  0.1500000E+01  0.1150000E+02  0.2582909E-14
  0.2000000E+01  0.1100000E+02  0.2090317E-13
  0.2500000E+01  0.1150000E+02  0.2582909E-14
  0.3000000E+01  0.1100000E+02  0.2090317E-13
  0.3500000E+01  0.1150000E+02  0.2582909E-14
  0.4000000E+01  0.1100000E+02  0.2090317E-13
  0.4500000E+01  0.1150000E+02  0.2582909E-14
  0.5000000E+01  0.1100000E+02  0.2090317E-13
  0.5500000E+01  0.1150000E+02  0.2582909E-14
  0.6000000E+01  0.1100000E+02  0.2090317E-13
  0.6500000E+01  0.1150000E+02  0.2582909E-14
  0.7000000E+01  0.1100000E+02  0.2090317E-13
  0.7500000E+01  0.1150000E+02  0.2582909E-14
  0.8000000E+01  0.1100000E+02  0.2090317E-13
  0.8500000E+01  0.1150000E+02  0.2582909E-14
  0.9000000E+01  0.1100000E+02  0.2090317E-13
  0.9500000E+01  0.1150000E+02  0.2582909E-14
  0.0000000E+00  0.1200000E+02  0.8589891E-14
  0.5000000E+00  0.1250000E+02  0.1614840E-13
  0.1000000E+01  0.1200000E+02  0.8589891E-14
  0.1500000E+01  0.1250000E+02  0.1614840E-13
  0.2000000E+01  0.1200000E+02  0.8589891E-14
  0.2500000E+01  0.1250000E+02  0.1614840E-13
  0.3000000E+01  0.1200000E+02  0.8589891E-14
  0.3500000E+01  0.1250000E+02  0.1614840E-13
  0.4000000E+01  0.1200000E+02  0.8589891E-14
  0.4500000E+01  0.1250000E+02  0.1614840E-13
  0.5000000E+01  0.1200000E+02  0.8589891E-14
  0.5500000E+01  0.1250000E+02  0.1614840E-13
  0.6000000E+01  0.1200000E+02  0.8589891E-14
  0.6500000E+01  0.1250000E+02  0.1614840E-13
  0.7000000E+01  0.1200000E+02  0.8589891E-14
  0.7500000E+01  0.1250000E+02  0.1614840E-13
  0.8000000E+01  0.1200000E+02  0.8589891E-14
  0.8500000E+01  0.1250000E+02  0.1614840E-13
  0.9000000E+01  0.1200000E+02  0.8589891E-14
  0.9500000E+01  0.1250000E+02  0.1614840E-13
  0.0000000E+00  0.1300000E+02  0.1747555E-14
  0.5000000E+00  0.1350000E+02  0.5777428E-14
  0.1000000E+01  0.1300000E+02  0.1747555E-14
  0.1500000E+01  0.1350000E+02  0.5777428E-14
  0.2000000E+01  0.1300000E+02  0.1747555E-14
  0.2500000E+01  0.1350000E+02  0.5777428E-14
  0.3000000E+01  0.1300000E+02  0.1747555E-14
  0.3500000E+01  0.1350000E+02  0.5777428E-14
  0.4000000E+01  0.1300000E+02  0.1747555E-14
  0.4500000E+01  0.1350000E+02  0.5777428E-14
  0.5000000E+01  0.1300000E+02  0.1747555E-14
  0.5500000E+01  0.1350000E+02  0.5777428E-14
  0.6000000E+01  0.1300000E+02  0.1747555E-14
  0.6500000E+01  0.1350000E+02  0.5777428E-14
  0.7000000E+01  0.1300000E+02  0.1747555E-14
  0.7500000E+01  0.1350000E+02  0.5777428E-14
  0.8000000E+01  0.1300000E+02  0.1747555E-14
  0.8500000E+01  0.1350000E+02  0.5777428E-14
  0.9000000E+01  0.1300000E+02  0.1747555E-14
  0.9500000E+01  0.1350000E+02  0.5777428E-14
  0.0000000E+00  0.1400000E+02  0.1176260E-14
  0.5000000E+00  0.1450000E+02  0.4234468E-13
  0.1000000E+01  0.1400000E+02  0.1176260E-14
  0.1500000E+01  0.1450000E+02  0.4234468E-13
  0.2000000E+01  0.1400000E+02  0.1176260E-14
  0.2500000E+01  0.1450000E+02  0.4234468E-13
  0.3000000E+01  0.1400000E+02  0.1176260E-14
  0.3500000E+01  0.1450000E+02  0.4234468E-13
  0.4000000E+01  0.1400000E+02  0.1176260E-14
  0.4500000E+01  0.1450000E+02  0.4234468E-13
  0.5000000E+01  0.1400000E+02  0.1176260E-14
  0.5500000E+01  0.1450000E+02  0.4234468E-13
  0.6000000E+01  0.1400000E+02  0.1176260E-14
  0.6500000E+01  0.1450000E+02  0.4234468E-13
  0.7000000E+01  0.1400000E+02  0.1176260E-14
  0.7500000E+01  0.1450000E+02  0.4234468E-13
  0.8000000E+01  0.1400000E+02  0.1176260E-14
  0.8500000E+01  0.1450000E+02  0.4234468E-13
  0.9000000E+01  0.1400000E+02  0.1176260E-14
  0.9500000E+01  0.1450000E+02  0.4234468E-13
  0.0000000E+00  0.1500000E+02  0.3363232E-13
  0.5000000E+00  0.1550000E+02  0.2815550E-14
  0.1000000E+01  0.1500000E+02  0.3363232E-13
  0.1500000E+01  0.1550000E+02  0.2815550E-14
  0.2000000E+01  0.1500000E+02  0.3363232E-13
  0.2500000E+01  0.1550000E+02  0.2815550E-14
  0.3000000E+01  0.1500000E+02  0.3363232E-13
  0.3500000E+01  0.1550000E+02  0.2815550E-14
  0.4000000E+01  0.1500000E+02  0.3363232E-13
  0.4500000E+01  0.1550000E+02  0.2815550E-14
  0.5000000E+01  0.1500000E+02  0.3363232E-13
  0.5500000E+01  0.1550000E+02  0.2815550E-14
  0.6000000E+01  0.1500000E+02  0.3363232E-13
  0.6500000E+01  0.1550000E+02  0.2815550E-14
  0.7000000E+01  0.1500000E+02  0.3363232E-13
  0.7500000E+01  0.1550000E+02  0.2815550E-14
  0.8000000E+01  0.1500000E+02  0.3363232E-13
  0.8500000E+01  0.1550000E+02  0.2815550E-14
  0.9000000E+01  0.1500000E+02  0.3363232E-13
  0.9500000E+01  0.1550000E+02  0.2815550E-14
  0.0000000E+00  0.1600000E+02  0.8007472E-14
  0.5000000E+00  0.1650000E+02  0.2886580E-14
  0.1000000E+01  0.1600000E+02  0.8007472E-14
  0.1500000E+01  0.1650000E+02  0.2886580E-14
  0.2000000E+01  0.1600000E+02  0.8007472E-14
  0.2500000E+01  0.1650000E+02  0.2886580E-14
  0.3000000E+01  0.1600000E+02  0.8007472E-14
  0.3500000E+01  0.1650000E+02  0.2886580E-14
  0.4000000E+01  0.1600000E+02  0.8007472E-14
  0.4500000E+01  0.1650000E+02  0.2886580E-14
  0.5000000E+01  0.1600000E+02  0.8007472E-14
  0.5500000E+01  0.1650000E+02  0.2886580E-14
  0.6000000E+01  0.1600000E+02  0.8007472E-14
  0.6500000E+01  0.1650000E+02  0.2886580E-14
  0.7000000E+01  0.1600000E+02  0.8007472E-14
  0.7500000E+01  0.1650000E+02  0.2886580E-14
  0.8000000E+01  0.1600000E+02  0.8007472E-14
  0.8500000E+01  0.1650000E+02  0.2886580E-14
  0.9000000E+01  0.1600000E+02  0.8007472E-14
  0.9500000E+01  0.1650000E+02  0.2886580E-14
  0.0000000E+00  0.1700000E+02  0.4315174E-13
  0.5000000E+00  0.1750000E+02  0.3316986E-13
  0.1000000E+01  0.1700000E+02  0.4315174E-13
  0.1500000E+01  0.1750000E+02  0.3316986E-13
  0.2000000E+01  0.1700000E+02  0.4315174E-13
  0.2500000E+01  0.1750000E+02  0.3316986E-13
  0.3000000E+01  0.1700000E+02  0.4315174E-13
  0.3500000E+01  0.1750000E+02  0.3316986E-13
  0.4000000E+01  0.1700000E+02  0.4315174E-13
  0.4500000E+01  0.1750000E+02  0.3316986E-13
  0.5000000E+01  0.1700000E+02  0.4315174E-13
  0.5500000E+01  0.1750000E+02  0.3316986E-13
  0.6000000E+01  0.1700000E+02  0.4315174E-13
  0.6500000E+01  0.1750000E+02  0.3316986E-13
  0.7000000E+01  0.1700000E+02  0.4315174E-13
  0.7500000E+01  0.1750000E+02  0.3316986E-13
  0.8000000E+01  0.1700000E+02  0.4315174E-13
  0.8500000E+01  0.1750000E+02  0.3316986E-13
  0.9000000E+01  0.1700000E+02  0.4315174E-13
  0.9500000E+01  0.1750000E+02  0.3316986E-13
  0.0000000E+00  0.1800000E+02  0.2576975E-14
  0.5000000E+00  0.1850000E+02  0.8023810E-14
  0.1000000E+01  0.1800000E+02  0.2576975E-14
  0.1500000E+01  0.1850000E+02  0.8023810E-14
  0.2000000E+01  0.1800000E+02  0.2576975E-14
  0.2500000E+01  0.1850000E+02  0.8023810E-14
  0.3000000E+01  0.1800000E+02  0.2576975E-14
  0.3500000E+01  0.1850000E+02  0.8023810E-14
  0.4000000E+01  0.1800000E+02  0.2576975E-14
  0.4500000E+01  0.1850000E+02  0.8023810E-14
  0.5000000E+01  0.1800000E+02  0.2576975E-14
  0.5500000E+01  0.1850000E+02  0.8023810E-14
  0.6000000E+01  0.1800000E+02  0.2576975E-14
  0.6500000E+01  0.1850000E+02  0.8023810E-14
  0.7000000E+01  0.1800000E+02  0.2576975E-14
  0.7500000E+01  0.1850000E+02  0.8023810E-14
  0.8000000E+01  0.1800000E+02  0.2576975E-14
  0.8500000E+01  0.1850000E+02  0.8023810E-14
  0.9000000E+01  0.1800000E+02  0.2576975E-14
  0.9500000E+01  0.1850000E+02  0.8023810E-14
  0.0000000E+00  0.1900000E+02  0.6185447E-14
  0.5000000E+00  0.1950000E+02  0.3942417E-13
  0.1000000E+01  0.1900000E+02  0.6185447E-14
  0.1500000E+01  0.1950000E+02  0.3942417E-13
  0.2000000E+01  0.1900000E+02  0.6185447E-14
  0.2500000E+01  0.1950000E+02  0.3942417E-13
  0.3000000E+01  0.1900000E+02  0.6185447E-14
  0.3500000E+01  0.1950000E+02  0.3942417E-13
  0.4000000E+01  0.1900000E+02  0.6185447E-14
  0.4500000E+01  0.1950000E+02  0.3942417E-13
  0.5000000E+01  0.1900000E+02  0.6185447E-14
  0.5500000E+01  0.1950000E+02  0.3942417E-13
  0.6000000E+01  0.1900000E+02  0.6185447E-14
  0.6500000E+01  0.1950000E+02  0.3942417E-13
  0.7000000E+01  0.1900000E+02  0.6185447E-14
  0.7500000E+01  0.1950000E+02  0.3942417E-13
  0.8000000E+01  0.1900000E+02  0.6185447E-14
  0.8500000E+01  0.1950000E+02  0.3942417E-13
  0.9000000E+01  0.1900000E+02  0.6185447E-14
  0.9500000E+01  0.1950000E+02  0.3942417E-13
  0.0000000E+00  0.2000000E+02  0.3707923E-13
  0.5000000E+00  0.2050000E+02  0.3894635E-13
  0.1000000E+01  0.2000000E+02  0.3707923E-13
  0.1500000E+01  0.2050000E+02  0.3894635E-13
  0.2000000E+01  0.2000000E+02  0.3707923E-13
  0.2500000E+01  0.2050000E+02  0.3894635E-13
  0.3000000E+01  0.2000000E+02  0.3707923E-13
  0.3500000E+01  0.2050000E+02  0.3894635E-13
  0.4000000E+01  0.2000000E+02  0.3707923E-13
  0.4500000E+01  0.2050000E+02  0.3894635E-13
  0.5000000E+01  0.2000000E+02  0.3707923E-13
  0.5500000E+01  0.2050000E+02  0.3894635E-13
  0.6000000E+01  0.2000000E+02  0.3707923E-13
  0.6500000E+01  0.2050000E+02  0.3894635E-13
  0.7000000E+01  0.2000000E+02  0.3707923E-13
  0.7500000E+01  0.2050000E+02  0.3894635E-13
  0.8000000E+01  0.2000000E+02  0.3707923E-13
  0.8500000E+01  0.2050000E+02  0.3894635E-13
  0.9000000E+01  0.2000000E+02  0.3707923E-13
  0.9500000E+01  0.2050000E+02  0.3894635E-13
  0.0000000E+00  0.2100000E+02  0.3526374E-13
  0.5000000E+00  0.2150000E+02  0.6185447E-14
  0.1000000E+01  0.2100000E+02  0.3526374E-13
  0.1500000E+01  0.2150000E+02  0.6185447E-14
  0.2000000E+01  0.2100000E+02  0.3526374E-13
  0.2500000E+01  0.2150000E+02  0.6185447E-14
  0.3000000E+01  0.2100000E+02  0.3526374E-13
  0.3500000E+01  0.2150000E+02  0.6185447E-14
  0.4000000E+01  0.2100000E+02  0.3526374E-13
  0.4500000E+01  0.2150000E+02  0.6185447E-14
  0.5000000E+01  0.2100000E+02  0.3526374E-13
  0.5500000E+01  0.2150000E+02  0.6185447E-14
  0.6000000E+01  0.2100000E+02  0.3526374E-13
  0.6500000E+01  0.2150000E+02  0.6185447E-14
  0.7000000E+01  0.2100000E+02  0.3526374E-13
  0.7500000E+01  0.2150000E+02  0.6185447E-14
  0.8000000E+01  0.2100000E+02  0.3526374E-13
  0.8500000E+01  0.2150000E+02  0.6185447E-14
  0.9000000E+01  0.2100000E+02  0.3526374E-13
  0.9500000E+01  0.2150000E+02  0.6185447E-14
  0.0000000E+00  0.2200000E+02  0.3972132E-13
  0.5000000E+00  0.2250000E+02  0.3905296E-13
  0.1000000E+01  0.2200000E+02  0.3972132E-13
  0.1500000E+01  0.2250000E+02  0.3905296E-13
  0.2000000E+01  0.2200000E+02  0.3972132E-13
  0.2500000E+01  0.2250000E+02  0.3905296E-13
  0.3000000E+01  0.2200000E+02  0.3972132E-13
  0.3500000E+01  0.2250000E+02  0.3905296E-13
  0.4000000E+01  0.2200000E+02  0.3972132E-13
  0.4500000E+01  0.2250000E+02  0.3905296E-13
  0.5000000E+01  0.2200000E+02  0.3972132E-13
  0.5500000E+01  0.2250000E+02  0.3905296E-13
  0.6000000E+01  0.2200000E+02  0.3972132E-13
  0.6500000E+01  0.2250000E+02  0.3905296E-13
  0.7000000E+01  0.2200000E+02  0.3972132E-13
  0.7500000E+01  0.2250000E+02  0.3905296E-13
  0.8000000E+01  0.2200000E+02  0.3972132E-13
  0.8500000E+01  0.2250000E+02  0.3905296E-13
  0.9000000E+01  0.2200000E+02  0.3972132E-13
  0.9500000E+01  0.2250000E+02  0.3905296E-13
  0.0000000E+00  0.2300000E+02  0.4036848E-13
  0.5000000E+00  0.2350000E+02  0.3721483E-13
  0.1000000E+01  0.2300000E+02  0.4036848E-13
  0.1500000E+01  0.2350000E+02  0.3721483E-13
  0.2000000E+01  0.2300000E+02  0.4036848E-13
  0.2500000E+01  0.2350000E+02  0.3721483E-13
  0.3000000E+01  0.2300000E+02  0.4036848E-13
  0.3500000E+01  0.2350000E+02  0.3721483E-13
  0.4000000E+01  0.2300000E+02  0.4036848E-13
  0.4500000E+01  0.2350000E+02  0.3721483E-13
  0.5000000E+01  0.2300000E+02  0.4036848E-13
  0.5500000E+01  0.2350000E+02  0.3721483E-13
  0.6000000E+01  0.2300000E+02  0.4036848E-13
  0.6500000E+01  0.2350000E+02  0.3721483E-13
  0.7000000E+01  0.2300000E+02  0.4036848E-13
  0.7500000E+01  0.2350000E+02  0.3721483E-13
  0.8000000E+01  0.2300000E+02  0.4036848E-13
  0.8500000E+01  0.2350000E+02  0.3721483E-13
  0.9000000E+01  0.2300000E+02  0.4036848E-13
  0.9500000E+01  0.2350000E+02  0.3721483E-13
  0.0000000E+00  0.2400000E+02  0.3856887E-13
  0.5000000E+00  0.2450000E+02  0.8639790E-14
  0.1000000E+01  0.2400000E+02  0.3856887E-13
  0.1500000E+01  0.2450000E+02  0.8639790E-14
  0.2000000E+01  0.2400000E+02  0.3856887E-13
  0.2500000E+01  0.2450000E+02  0.8639790E-14
  0.3000000E+01  0.2400000E+02  0.3856887E-13
  0.3500000E+01  0.2450000E+02  0.8639790E-14
  0.4000000E+01  0.2400000E+02  0.3856887E-13
  0.4500000E+01  0.2450000E+02  0.8639790E-14
  0.5000000E+01  0.2400000E+02  0.3856887E-13
  0.5500000E+01  0.2450000E+02  0.8639790E-14
  0.6000000E+01  0.2400000E+02  0.3856887E-13
  0.6500000E+01  0.2450000E+02  0.8639790E-14
  0.7000000E+01  0.2400000E+02  0.3856887E-13
  0.7500000E+01  0.2450000E+02  0.8639790E-14
  0.8000000E+01  0.2400000E+02  0.3856887E-13
  0.8500000E+01  0.2450000E+02  0.8639790E-14
  0.9000000E+01  0.2400000E+02  0.3856887E-13
  0.9500000E+01  0.2450000E+02  0.8639790E-14
  0.0000000E+00  0.2500000E+02  0.3944059E-13
  0.5000000E+00  0.2550000E+02  0.4020222E-13
  0.1000000E+01  0.2500000E+02  0.3944059E-13
  0.1500000E+01  0.2550000E+02  0.4020222E-13
  0.2000000E+01  0.2500000E+02  0.3944059E-13
  0.2500000E+01  0.2550000E+02  0.4020222E-13
  0.3000000E+01  0.2500000E+02  0.3944059E-13
  0.3500000E+01  0.2550000E+02  0.4020222E-13
  0.4000000E+01  0.2500000E+02  0.3944059E-13
  0.4500000E+01  0.2550000E+02  0.4020222E-13
  0.5000000E+01  0.2500000E+02  0.3944059E-13
  0.5500000E+01  0.2550000E+02  0.4020222E-13
  0.6000000E+01  0.2500000E+02  0.3944059E-13
  0.6500000E+01  0.2550000E+02  0.4020222E-13
  0.7000000E+01  0.2500000E+02  0.3944059E-13
  0.7500000E+01  0.2550000E+02  0.4020222E-13
  0.8000000E+01  0.2500000E+02  0.3944059E-13
  0.8500000E+01  0.2550000E+02  0.4020222E-13
  0.9000000E+01  0.2500000E+02  0.3944059E-13
  0.9500000E+01  0.2550000E+02  0.4020222E-13
  0.0000000E+00  0.2600000E+02  0.3980583E-13
  0.5000000E+00  0.2650000E+02  0.4522033E-13
  0.1000000E+01  0.2600000E+02  0.3980583E-13
  0.1500000E+01  0.2650000E+02  0.4522033E-13
  0.2000000E+01  0.2600000E+02  0.3980583E-13
  0.2500000E+01  0.2650000E+02  0.4522033E-13
  0.3000000E+01  0.2600000E+02  0.3980583E-13
  0.3500000E+01  0.2650000E+02  0.4522033E-13
  0.4000000E+01  0.2600000E+02  0.3980583E-13
  0.4500000E+01  0.2650000E+02  0.4522033E-13
  0.5000000E+01  0.2600000E+02  0.3980583E-13
  0.5500000E+01  0.2650000E+02  0.4522033E-13
  0.6000000E+01  0.2600000E+02  0.3980583E-13
  0.6500000E+01  0.2650000E+02  0.4522033E-13
  0.7000000E+01  0.2600000E+02  0.3980583E-13
  0.7500000E+01  0.2650000E+02  0.4522033E-13
  0.8000000E+01  0.2600000E+02  0.3980583E-13
  0.8500000E+01  0.2650000E+02  0.4522033E-13
  0.9000000E+01  0.2600000E+02  0.3980583E-13
  0.9500000E+01  0.2650000E+02  0.4522033E-13
  0.0000000E+00  0.2700000E+02  0.3069199E-13
  0.5000000E+00  0.2750000E+02  0.3739920E-13
  0.1000000E+01  0.2700000E+02  0.3069199E-13
  0.1500000E+01  0.2750000E+02  0.3739920E-13
  0.2000000E+01  0.2700000E+02  0.3069199E-13
  0.2500000E+01  0.2750000E+02  0.3739920E-13
  0.3000000E+01  0.2700000E+02  0.3069199E-13
  0.3500000E+01  0.2750000E+02  0.3739920E-13
  0.4000000E+01  0.2700000E+02  0.3069199E-13
  0.4500000E+01  0.2750000E+02  0.3739920E-13
  0.5000000E+01  0.2700000E+02  0.3069199E-13
  0.5500000E+01  0.2750000E+02  0.3739920E-13
  0.6000000E+01  0.2700000E+02  0.3069199E-13
  0.6500000E+01  0.2750000E+02  0.3739920E-13
  0.7000000E+01  0.2700000E+02  0.3069199E-13
  0.7500000E+01  0.2750000E+02  0.3739920E-13
  0.8000000E+01  0.2700000E+02  0.3069199E-13
  0.8500000E+01  0.2750000E+02  0.3739920E-13
  0.9000000E+01  0.2700000E+02  0.3069199E-13
  0.9500000E+01  0.2750000E+02  0.3739920E-13
  0.0000000E+00  0.2800000E+02  0.9775953E-01
  0.5000000E+00  0.2850000E+02  0.2033962E+01
  0.1000000E+01  0.2800000E+02  0.9775953E-01
  0.1500000E+01  0.2850000E+02  0.2033962E+01
  0.2000000E+01  0.2800000E+02  0.9775953E-01
  0.2500000E+01  0.2850000E+02  0.2033962E+01
  0.3000000E+01  0.2800000E+02  0.9775953E-01
  0.3500000E+01  0.2850000E+02  0.2033962E+01
  0.4000000E+01  0.2800000E+02  0.9775953E-01
  0.4500000E+01  0.2850000E+02  0.2033962E+01
  0.5000000E+01  0.2800000E+02  0.9775953E-01
  0.5500000E+01  0.2850000E+02  0.2033962E+01
  0.6000000E+01  0.2800000E+02  0.9775953E-01
  0.6500000E+01  0.2850000E+02  0.2033962E+01
  0.7000000E+01  0.2800000E+02  0.9775953E-01
  0.7500000E+01  0.2850000E+02  0.2033962E+01
  0.8000000E+01  0.2800000E+02  0.9775953E-01
  0.8500000E+01  0.2850000E+02  0.2033962E+01
  0.9000000E+01  0.2800000E+02  0.9775953E-01
  0.9500000E+01  0.2850000E+02  0.2033962E+01
  0.0000000E+00  0.2900000E+02  0.2004075E+02
  0.5000000E+00  0.2950000E+02  0.1328236E+00
  0.1000000E+01  0.2900000E+02  0.2004075E+02
  0.1500000E+01  0.2950000E+02  0.1328236E+00
  0.2000000E+01  0.2900000E+02  0.2004075E+02
  0.2500000E+01  0.2950000E+02  0.1328236E+00
  0.3000000E+01  0.2900000E+02  0.2004075E+02
  0.3500000E+01  0.2950000E+02  0.1328236E+00
  0.4000000E+01  0.2900000E+02  0.2004075E+02
  0.4500000E+01  0.2950000E+02  0.1328236E+00
  0.5000000E+01  0.2900000E+02  0.2004075E+02
  0.5500000E+01  0.2950000E+02  0.1328236E+00
  0.6000000E+01  0.2900000E+02  0.2004075E+02
  0.6500000E+01  0.2950000E+02  0.1328236E+00
  0.7000000E+01  0.2900000E+02  0.2004075E+02
  0.7500000E+01  0.2950000E+02  0.1328236E+00
  0.8000000E+01  0.2900000E+02  0.2004075E+02
  0.8500000E+01  0.2950000E+02  0.1328236E+00
  0.9000000E+01  0.2900000E+02  0.2004075E+02
  0.9500000E+01  0.2950000E+02  0.1328236E+00
  0.0000000E+00  0.3000000E+02  0.0000000E+00
  0.5000000E+00  0.3050000E+02  0.0000000E+00
  0.1000000E+01  0.3000000E+02  0.0000000E+00
  0.1500000E+01  0.3050000E+02  0.0000000E+00
  0.2000000E+01  0.3000000E+02  0.0000000E+00
  0.2500000E+01  0.3050000E+02  0.0000000E+00
  0.3000000E+01  0.3000000E+02  0.0000000E+00
  0.3500000E+01  0.3050000E+02  0.0000000E+00
  0.4000000E+01  0.3000000E+02  0.0000000E+00
  0.4500000E+01  0.3050000E+02  0.0000000E+00
  0.5000000E+01  0.3000000E+02  0.0000000E+00
  0.5500000E+01  0.3050000E+02  0.0000000E+00
  0.6000000E+01  0.3000000E+02  0.0000000E+00
  0.6500000E+01  0.3050000E+02  0.0000000E+00
  0.7000000E+01  0.3000000E+02  0.0000000E+00
  0.7500000E+01  0.3050000E+02  0.0000000E+00
  0.8000000E+01  0.3000000E+02  0.0000000E+00
  0.8500000E+01  0.3050000E+02  0.0000000E+00
  0.9000000E+01  0.3000000E+02  0.0000000E+00
  0.9500000E+01  0.3050000E+02  0.0000000E+00
  0.0000000E+00  0.3100000E+02  0.0000000E+00
  0.5000000E+00  0.3150000E+02  0.0000000E+00
  0.1000000E+01  0.3100000E+02  0.0000000E+00
  0.1500000E+01  0.3150000E+02  0.0000000E+00
  0.2000000E+01  0.3100000E+02  0.0000000E+00
  0.2500000E+01  0.3150000E+02  0.0000000E+00
  0.3000000E+01  0.3100000E+02  0.0000000E+00
  0.3500000E+01  0.3150000E+02  0.0000000E+00
  0.4000000E+01  0.3100000E+02  0.0000000E+00
  0.4500000E+01  0.3150000E+02  0.0000000E+00
  0.5000000E+01  0.3100000E+02  0.0000000E+00
  0.5500000E+01  0.3150000E+02  0.0000000E+00
  0.6000000E+01  0.3100000E+02  0.0000000E+00
  0.6500000E+01  0.3150000E+02  0.0000000E+00
  0.7000000E+01  0.3100000E+02  0.0000000E+00
  0.7500000E+01  0.3150000E+02  0.0000000E+00
  0.8000000E+01  0.3100000E+02  0.0000000E+00
  0.8500000E+01  0.3150000E+02  0.0000000E+00
  0.9000000E+01  0.3100000E+02  0.0000000E+00
  0.9500000E+01  0.3150000E+02  0.0000000E+00
  0.0000000E+00  0.3200000E+02  0.0000000E+00
  0.5000000E+00  0.3250000E+02  0.0000000E+00
  0.1000000E+01  0.3200000E+02  0.0000000E+00
  0.1500000E+01  0.3250000E+02  0.0000000E+00
  0.2000000E+01  0.3200000E+02  0.0000000E+00
  0.2500000E+01  0.3250000E+02  0.0000000E+00
  0.3000000E+01  0.3200000E+02  0.0000000E+00
  0.3500000E+01  0.3250000E+02  0.0000000E+00
  0.4000000E+01  0.3200000E+02  0.0000000E+00
  0.4500000E+01  0.3250000E+02  0.0000000E+00
  0.5000000E+01  0.3200000E+02  0.0000000E+00
  0.5500000E+01  0.3250000E+02  0.0000000E+00
  0.6000000E+01  0.3200000E+02  0.0000000E+00
  0.6500000E+01  0.3250000E+02  0.0000000E+00
  0.7000000E+01  0.3200000E+02  0.0000000E+00
  0.7500000E+01  0.3250000E+02  0.0000000E+00
  0.8000000E+01  0.3200000E+02  0.0000000E+00
  0.8500000E+01  0.3250000E+02  0.0000000E+00
  0.9000000E+01  0.3200000E+02  0.0000000E+00
  0.9500000E+01  0.3250000E+02  0.0000000E+00
  0.0000000E+00  0.3300000E+02  0.0000000E+00
  0.5000000E+00  0.3350000E+02  0.0000000E+00
  0.1000000E+01  0.3300000E+02  0.0000000E+00
  0.1500000E+01  0.3350000E+02  0.0000000E+00
  0.2000000E+01  0.3300000E+02  0.0000000E+00
  0.2500000E+01  0.3350000E+02  0.0000000E+00
  0.3000000E+01  0.3300000E+02  0.0000000E+00
  0.3500000E+01  0.3350000E+02  0.0000000E+00
  0.4000000E+01  0.3300000E+02  0.0000000E+00
  0.4500000E+01  0.3350000E+02  0.0000000E+00
  0.5000000E+01  0.3300000E+02  0.0000000E+00
  0.5500000E+01  0.3350000E+02  0.0000000E+00
  0.6000000E+01  0.3300000E+02  0.0000000E+00
  0.6500000E+01  0.3350000E+02  0.0000000E+00
  0.7000000E+01  0.3300000E+02  0.0000000E+00
  0.7500000E+01  0.3350000E+02  0.0000000E+00
  0.8000000E+01  0.3300000E+02  0.0000000E+00
  0.8500000E+01  0.3350000E+02  0.0000000E+00
  0.9000000E+01  0.3300000E+02  0.0000000E+00
  0.9500000E+01  0.3350000E+02  0.0000000E+00
  0.0000000E+00  0.3400000E+02  0.0000000E+00
  0.5000000E+00  0.3450000E+02  0.0000000E+00
  0.1000000E+01  0.3400000E+02  0.0000000E+00
  0.1500000E+01  0.3450000E+02  0.0000000E+00
  0.2000000E+01  0.3400000E+02  0.0000000E+00
  0.2500000E+01  0.3450000E+02  0.0000000E+00
  0.3000000E+01  0.3400000E+02  0.0000000E+00
  0.3500000E+01  0.3450000E+02  0.0000000E+00
  0.4000000E+01  0.3400000E+02  0.0000000E+00
  0.4500000E+01  0.3450000E+02  0.0000000E+00
  0.5000000E+01  0.3400000E+02  0.0000000E+00
  0.5500000E+01  0.3450000E+02  0.0000000E+00
  0.6000000E+01  0.3400000E+02  0.0000000E+00
  0.6500000E+01  0.3450000E+02  0.0000000E+00
  0.7000000E+01  0.3400000E+02  0.0000000E+00
  0.7500000E+01  0.3450000E+02  0.0000000E+00
  0.8000000E+01  0.3400000E+02  0.0000000E+00
  0.8500000E+01  0.3450000E+02  0.0000000E+00
  0.9000000E+01  0.3400000E+02  0.0000000E+00
  0.9500000E+01  0.3450000E+02  0.0000000E+00
  0.0000000E+00  0.3500000E+02  0.0000000E+00
  0.5000000E+00  0.3550000E+02  0.0000000E+00
  0.1000000E+01  0.3500000E+02  0.0000000E+00
  0.1500000E+01  0.3550000E+02  0.0000000E+00
  0.2000000E+01  0.3500000E+02  0.0000000E+00
  0.2500000E+01  0.3550000E+02  0.0000000E+00
  0.3000000E+01  0.3500000E+02  0.0000000E+00
  0.3500000E+01  0.3550000E+02  0.0000000E+00
  0.4000000E+01  0.3500000E+02  0.0000000E+00
  0.4500000E+01  0.3550000E+02  0.0000000E+00
  0.5000000E+01  0.3500000E+02  0.0000000E+00
  0.5500000E+01  0.3550000E+02  0.0000000E+00
  0.6000000E+01  0.3500000E+02  0.0000000E+00
  0.6500000E+01  0.3550000E+02  0.0000000E+00
  0.7000000E+01  0.3500000E+02  0.0000000E+00
  0.7500000E+01  0.3550000E+02  0.0000000E+00
  0.8000000E+01  0.3500000E+02  0.0000000E+00
  0.8500000E+01  0.3550000E+02  0.0000000E+00
  0.9000000E+01  0.3500000E+02  0.0000000E+00
  0.9500000E+01  0.3550000E+02  0.0000000E+00
  0.0000000E+00  0.3600000E+02  0.0000000E+00
  0.5000000E+00  0.3650000E+02  0.0000000E+00
  0.1000000E+01  0.3600000E+02  0.0000000E+00
  0.1500000E+01  0.3650000E+02  0.0000000E+00
  0.2000000E+01  0.3600000E+02  0.0000000E+00
  0.2500000E+01  0.3650000E+02  0.0000000E+00
  0.3000000E+01  0.3600000E+02  0.0000000E+00
  0.3500000E+01  0.3650000E+02  0.0000000E+00
  0.4000000E+01  0.3600000E+02  0.0000000E+00
  0.4500000E+01  0.3650000E+02  0.0000000E+00
  0.5000000E+01  0.3600000E+02  0.0000000E+00
  0.5500000E+01  0.3650000E+02  0.0000000E+00
  0.6000000E+01  0.3600000E+02  0.0000000E+00
  0.6500000E+01  0.3650000E+02  0.0000000E+00
  0.7000000E+01  0.3600000E+02  0.0000000E+00
  0.7500000E+01  0.3650000E+02  0.0000000E+00
  0.8000000E+01  0.3600000E+02  0.0000000E+00
  0.8500000E+01  0.3650000E+02  0.0000000E+00
  0.9000000E+01  0.3600000E+02  0.0000000E+00
  0.9500000E+01  0.3650000E+02  0.0000000E+00
  0.0000000E+00  0.3700000E+02  0.0000000E+00
  0.5000000E+00  0.3750000E+02  0.0000000E+00
  0.1000000E+01  0.3700000E+02  0.0000000E+00
  0.1500000E+01  0.3750000E+02  0.0000000E+00
  0.2000000E+01  0.3700000E+02  0.0000000E+00
  0.2500000E+01  0.3750000E+02  0.0000000E+00
  0.3000000E+01  0.3700000E+02  0.0000000E+00
  0.3500000E+01  0.3750000E+02  0.0000000E+00
  0.4000000E+01  0.3700000E+02  0.0000000E+00
  0.4500000E+01  0.3750000E+02  0.0000000E+00
  0.5000000E+01  0.3700000E+02  0.0000000E+00
  0.5500000E+01  0.3750000E+02  0.0000000E+00
  0.6000000E+01  0.3700000E+02  0.0000000E+00
  0.6500000E+01  0.3750000E+02  0.0000000E+00
  0.7000000E+01  0.3700000E+02  0.0000000E+00
  0.7500000E+01  0.3750000E+02  0.0000000E+00
  0.8000000E+01  0.3700000E+02  0.0000000E+00
  0.8500000E+01  0.3750000E+02  0.0000000E+00
  0.9000000E+01  0.3700000E+02  0.0000000E+00
  0.9500000E+01  0.3750000E+02  0.0000000E+00
  0.0000000E+00  0.3800000E+02  0.0000000E+00
  0.5000000E+00  0.3850000E+02  0.0000000E+00
  0.1000000E+01  0.3800000E+02  0.0000000E+00
  0.1500000E+01  0.3850000E+02  0.0000000E+00
  0.2000000E+01  0.3800000E+02  0.0000000E+00
  0.2500000E+01  0.3850000E+02  0.0000000E+00
  0.3000000E+01  0.3800000E+02  0.0000000E+00
  0.3500000E+01  0.3850000E+02  0.0000000E+00
  0.4000000E+01  0.3800000E+02  0.0000000E+00
  0.4500000E+01  0.3850000E+02  0.0000000E+00
  0.5000000E+01  0.3800000E+02  0.0000000E+00
  0.5500000E+01  0.3850000E+02  0.0000000E+00
  0.6000000E+01  0.3800000E+02  0.0000000E+00
  0.6500000E+01  0.3850000E+02  0.0000000E+00
  0.7000000E+01  0.3800000E+02  0.0000000E+00
  0.7500000E+01  0.3850000E+02  0.0000000E+00
  0.8000000E+01  0.3800000E+02  0.0000000E+00
  0.8500000E+01  0.3850000E+02  0.0000000E+00
  0.9000000E+01  0.3800000E+02  0.0000000E+00
  0.9500000E+01  0.3850000E+02  0.0000000E+00
  0.0000000E+00  0.3900000E+02  0.0000000E+00
  0.5000000E+00  0.3950000E+02  0.0000000E+00
  0.1000000E+01  0.3900000E+02  0.0000000E+00
  0.1500000E+01  0.3950000E+02  0.0000000E+00
  0.2000000E+01  0.3900000E+02  0.0000000E+00
  0.2500000E+01  0.3950000E+02  0.0000000E+00
  0.3000000E+01  0.3900000E+02  0.0000000E+00
  0.3500000E+01  0.3950000E+02  0.0000000E+00
  0.4000000E+01  0.3900000E+02  0.0000000E+00
  0.4500000E+01  0.3950000E+02  0.0000000E+00
  0.5000000E+01  0.3900000E+02  0.0000000E+00
  0.5500000E+01  0.3950000E+02  0.0000000E+00
  0.6000000E+01  0.3900000E+02  0.0000000E+00
  0.6500000E+01  0.3950000E+02  0.0000000E+00
  0.7000000E+01  0.3900000E+02  0.0000000E+00
  0.7500000E+01  0.3950000E+02  0.0000000E+00
  0.8000000E+01  0.3900000E+02  0.0000000E+00
  0.8500000E+01  0.3950000E+02  0.0000000E+00
  0.9000000E+01  0.3900000E+02  0.0000000E+00
  0.9500000E+01  0.3950000E+02  0.0000000E+00
  0.0000000E+00  0.4000000E+02  0.0000000E+00
  0.5000000E+00  0.4050000E+02  0.0000000E+00
  0.1000000E+01  0.4000000E+02  0.0000000E+00
  0.1500000E+01  0.4050000E+02  0.0000000E+00
  0.2000000E+01  0.4000000E+02  0.0000000E+00
  0.2500000E+01  0.4050000E+02  0.0000000E+00
  0.3000000E+01  0.4000000E+02  0.0000000E+00
  0.3500000E+01  0.4050000E+02  0.0000000E+00
  0.4000000E+01  0.4000000E+02  0.0000000E+00
  0.4500000E+01  0.4050000E+02  0.0000000E+00
  0.5000000E+01  0.4000000E+02  0.0000000E+00
  0.5500000E+01  0.4050000E+02  0.0000000E+00
  0.6000000E+01  0.4000000E+02  0.0000000E+00
  0.6500000E+01  0.4050000E+02  0.0000000E+00
  0.7000000E+01  0.4000000E+02  0.0000000E+00
  0.7500000E+01  0.4050000E+02  0.0000000E+00
  0.8000000E+01  0.4000000E+02  0.0000000E+00
  0.8500000E+01  0.4050000E+02  0.0000000E+00
  0.9000000E+01  0.4000000E+02  0.0000000E+00
  0.9500000E+01  0.4050000E+02  0.0000000E+00
  0.0000000E+00  0.4100000E+02  0.0000000E+00
  0.5000000E+00  0.4150000E+02  0.0000000E+00
  0.1000000E+01  0.4100000E+02  0.0000000E+00
  0.1500000E+01  0.4150000E+02  0.0000000E+00
  0.2000000E+01  0.4100000E+02  0.0000000E+00
  0.2500000E+01  0.4150000E+02  0.0000000E+00
  0.3000000E+01  0.4100000E+02  0.0000000E+00
  0.3500000E+01  0.4150000E+02  0.0000000E+00
  0.4000000E+01  0.4100000E+02  0.0000000E+00
  0.4500000E+01  0.4150000E+02  0.0000000E+00
  0.5000000E+01  0.4100000E+02  0.0000000E+00
  0.5500000E+01  0.4150000E+02  0.0000000E+00
  0.6000000E+01  0.4100000E+02  0.0000000E+00
  0.6500000E+01  0.4150000E+02  0.0000000E+00
  0.7000000E+01  0.4100000E+02  0.0000000E+00
  0.7500000E+01  0.4150000E+02  0.0000000E+00
  0.8000000E+01  0.4100000E+02  0.0000000E+00
  0.8500000E+01  0.4150000E+02  0.0000000E+00
  0.9000000E+01  0.4100000E+02  0.0000000E+00
  0.9500000E+01  0.4150000E+02  0.0000000E+00
  0.0000000E+00  0.4200000E+02  0.0000000E+00
  0.5000000E+00  0.4250000E+02  0.0000000E+00
  0.1000000E+01  0.4200000E+02  0.0000000E+00
  0.1500000E+01  0.4250000E+02  0.0000000E+00
  0.2000000E+01  0.4200000E+02  0.0000000E+00
  0.2500000E+01  0.4250000E+02  0.0000000E+00
  0.3000000E+01  0.4200000E+02  0.0000000E+00
  0.3500000E+01  0.4250000E+02  0.0000000E+00
  0.4000000E+01  0.4200000E+02  0.0000000E+00
  0.4500000E+01  0.4250000E+02  0.0000000E+00
  0.5000000E+01  0.4200000E+02  0.0000000E+00
  0.5500000E+01  0.4250000E+02  0.0000000E+00
  0.6000000E+01  0.4200000E+02  0.0000000E+00
  0.6500000E+01  0.4250000E+02  0.0000000E+00
  0.7000000E+01  0.4200000E+02  0.0000000E+00
  0.7500000E+01  0.4250000E+02  0.0000000E+00
  0.8000000E+01  0.4200000E+02  0.0000000E+00
  0.8500000E+01  0.4250000E+02  0.0000000E+00
  0.9000000E+01  0.4200000E+02  0.0000000E+00
  0.9500000E+01  0.4250000E+02  0.0000000E+00
  0.0000000E+00  0.4300000E+02  0.0000000E+00
  0.5000000E+00  0.4350000E+02  0.0000000E+00
  0.1000000E+01  0.4300000E+02  0.0000000E+00
  0.1500000E+01  0.4350000E+02  0.0000000E+00
  0.2000000E+01  0.4300000E+02  0.0000000E+00
  0.2500000E+01  0.4350000E+02  0.0000000E+00
  0.3000000E+01  0.4300000E+02  0.0000000E+00
  0.3500000E+01  0.4350000E+02  0.0000000E+00
  0.4000000E+01  0.4300000E+02  0.0000000E+00
  0.4500000E+01  0.4350000E+02  0.0000000E+00
  0.5000000E+01  0.4300000E+02  0.0000000E+00
  0.5500000E+01  0.4350000E+02  0.0000000E+00
  0.6000000E+01  0.4300000E+02  0.0000000E+00
  0.6500000E+01  0.4350000E+02  0.0000000E+00
  0.7000000E+01  0.4300000E+02  0.0000000E+00
  0.7500000E+01  0.4350000E+02  0.0000000E+00
  0.8000000E+01  0.4300000E+02  0.0000000E+00
  0.8500000E+01  0.4350000E+02  0.0000000E+00
  0.9000000E+01  0.4300000E+02  0.0000000E+00
  0.9500000E+01  0.4350000E+02  0.0000000E+00
  0.0000000E+00  0.4400000E+02  0.0000000E+00
  0.5000000E+00  0.4450000E+02  0.0000000E+00
  0.1000000E+01  0.4400000E+02  0.0000000E+00
  0.1500000E+01  0.4450000E+02  0.0000000E+00
  0.2000000E+01  0.4400000E+02  0.0000000E+00
  0.2500000E+01  0.4450000E+02  0.0000000E+00
  0.3000000E+01  0.4400000E+02  0.0000000E+00
  0.3500000E+01  0.4450000E+02  0.0000000E+00
  0.4000000E+01  0.4400000E+02  0.0000000E+00
  0.4500000E+01  0.4450000E+02  0.0000000E+00
  0.5000000E+01  0.4400000E+02  0.0000000E+00
  0.5500000E+01  0.4450000E+02  0.0000000E+00
  0.6000000E+01  0.4400000E+02  0.0000000E+00
  0.6500000E+01  0.4450000E+02  0.0000000E+00
  0.7000000E+01  0.4400000E+02  0.0000000E+00
  0.7500000E+01  0.4450000E+02  0.0000000E+00
  0.8000000E+01  0.4400000E+02  0.0000000E+00
  0.8500000E+01  0.4450000E+02  0.0000000E+00
  0.9000000E+01  0.4400000E+02  0.0000000E+00
  0.9500000E+01  0.4450000E+02  0.0000000E+00
  0.0000000E+00  0.4500000E+02  0.0000000E+00
  0.5000000E+00  0.4550000E+02  0.0000000E+00
  0.1000000E+01  0.4500000E+02  0.0000000E+00
  0.1500000E+01  0.4550000E+02  0.0000000E+00
  0.2000000E+01  0.4500000E+02  0.0000000E+00
  0.2500000E+01  0.4550000E+02  0.0000000E+00
  0.3000000E+01  0.4500000E+02  0.0000000E+00
  0.3500000E+01  0.4550000E+02  0.0000000E+00
  0.4000000E+01  0.4500000E+02  0.0000000E+00
  0.4500000E+01  0.4550000E+02  0.0000000E+00
  0.5000000E+01  0.4500000E+02  0.0000000E+00
  0.5500000E+01  0.4550000E+02  0.0000000E+00
  0.6000000E+01  0.4500000E+02  0.0000000E+00
  0.6500000E+01  0.4550000E+02  0.0000000E+00
  0.7000000E+01  0.4500000E+02  0.0000000E+00
  0.7500000E+01  0.4550000E+02  0.0000000E+00
  0.8000000E+01  0.4500000E+02  0.0000000E+00
  0.8500000E+01  0.4550000E+02  0.0000000E+00
  0.9000000E+01  0.4500000E+02  0.0000000E+00
  0.9500000E+01  0.4550000E+02  0.0000000E+00
  0.0000000E+00  0.4600000E+02  0.0000000E+00
  0.5000000E+00  0.4650000E+02  0.0000000E+00
  0.1000000E+01  0.4600000E+02  0.0000000E+00
  0.1500000E+01  0.4650000E+02  0.0000000E+00
  0.2000000E+01  0.4600000E+02  0.0000000E+00
  0.2500000E+01  0.4650000E+02  0.0000000E+00
  0.3000000E+01  0.4600000E+02  0.0000000E+00
  0.3500000E+01  0.4650000E+02  0.0000000E+00
  0.4000000E+01  0.4600000E+02  0.0000000E+00
  0.4500000E+01  0.4650000E+02  0.0000000E+00
  0.5000000E+01  0.4600000E+02  0.0000000E+00
  0.5500000E+01  0.4650000E+02  0.0000000E+00
  0.6000000E+01  0.4600000E+02  0.0000000E+00
  0.6500000E+01  0.4650000E+02  0.0000000E+00
  0.7000000E+01  0.4600000E+02  0.0000000E+00
  0.7500000E+01  0.4650000E+02  0.0000000E+00
  0.8000000E+01  0.4600000E+02  0.0000000E+00
  0.8500000E+01  0.4650000E+02  0.0000000E+00
  0.9000000E+01  0.4600000E+02  0.0000000E+00
  0.9500000E+01  0.4650000E+02  0.0000000E+00
  0.0000000E+00  0.4700000E+02  0.0000000E+00
  0.5000000E+00  0.4750000E+02  0.0000000E+00
  0.1000000E+01  0.4700000E+02  0.0000000E+00
  0.1500000E+01  0.4750000E+02  0.0000000E+00
  0.2000000E+01  0.4700000E+02  0.0000000E+00
  0.2500000E+01  0.4750000E+02  0.0000000E+00
  0.3000000E+01  0.4700000E+02  0.0000000E+00
  0.3500000E+01  0.4750000E+02  0.0000000E+00
  0.4000000E+01  0.4700000E+02  0.0000000E+00
  0.4500000E+01  0.4750000E+02  0.0000000E+00
  0.5000000E+01  0.4700000E+02  0.0000000E+00
  0.5500000E+01  0.4750000E+02  0.0000000E+00
  0.6000000E+01  0.4700000E+02  0.0000000E+00
  0.6500000E+01  0.4750000E+02  0.0000000E+00
  0.7000000E+01  0.4700000E+02  0.0000000E+00
  0.7500000E+01  0.4750000E+02  0.0000000E+00
  0.8000000E+01  0.4700000E+02  0.0000000E+00
  0.8500000E+01  0.4750000E+02  0.0000000E+00
  0.9000000E+01  0.4700000E+02  0.0000000E+00
  0.9500000E+01  0.4750000E+02  0.0000000E+00
  0.0000000E+00  0.4800000E+02  0.0000000E+00
  0.5000000E+00  0.4850000E+02  0.0000000E+00
  0.1000000E+01  0.4800000E+02  0.0000000E+00
  0.1500000E+01  0.4850000E+02  0.0000000E+00
  0.2000000E+01  0.4800000E+02  0.0000000E+00
  0.2500000E+01  0.4850000E+02  0.0000000E+00
  0.3000000E+01  0.4800000E+02  0.0000000E+00
  0.3500000E+01  0.4850000E+02  0.0000000E+00
  0.4000000E+01  0.4800000E+02  0.0000000E+00
  0.4500000E+01  0.4850000E+02  0.0000000E+00
  0.5000000E+01  0.4800000E+02  0.0000000E+00
  0.5500000E+01  0.4850000E+02  0.0000000E+00
  0.6000000E+01  0.4800000E+02  0.0000000E+00
  0.6500000E+01  0.4850000E+02  0.0000000E+00
  0.7000000E+01  0.4800000E+02  0.0000000E+00
  0.7500000E+01  0.4850000E+02  0.0000000E+00
  0.8000000E+01  0.4800000E+02  0.0000000E+00
  0.8500000E+01  0.4850000E+02  0.0000000E+00
  0.9000000E+01  0.4800000E+02  0.0000000E+00
  0.9500000E+01  0.4850000E+02  0.0000000E+00
  0.0000000E+00  0.4900000E+02  0.0000000E+00
  0.5000000E+00  0.4950000E+02  0.0000000E+00
  0.1000000E+01  0.4900000E+02  0.0000000E+00
  0.1500000E+01  0.4950000E+02  0.0000000E+00
  0.2000000E+01  0.4900000E+02  0.0000000E+00
  0.2500000E+01  0.4950000E+02  0.0000000E+00
  0.3000000E+01  0.4900000E+02  0.0000000E+00
  0.3500000E+01  0.4950000E+02  0.0000000E+00
  0.4000000E+01  0.4900000E+02  0.0000000E+00
  0.4500000E+01  0.4950000E+02  0.0000000E+00
  0.5000000E+01  0.4900000E+02  0.0000000E+00
  0.5500000E+01  0.4950000E+02  0.0000000E+00
  0.6000000E+01  0.4900000E+02  0.0000000E+00
  0.6500000E+01  0.4950000E+02  0.0000000E+00
  0.7000000E+01  0.4900000E+02  0.0000000E+00
  0.7500000E+01  0.4950000E+02  0.0000000E+00
  0.8000000E+01  0.4900000E+02  0.0000000E+00
  0.8500000E+01  0.4950000E+02  0.0000000E+00
  0.9000000E+01  0.4900000E+02  0.0000000E+00
  0.9500000E+01  0.4950000E+02  0.0000000E+00
  0.0000000E+00  0.5000000E+02  0.0000000E+00
  0.5000000E+00  0.5050000E+02  0.0000000E+00
  0.1000000E+01  0.5000000E+02  0.0000000E+00
  0.1500000E+01  0.5050000E+02  0.0000000E+00
  0.2000000E+01  0.5000000E+02  0.0000000E+00
  0.2500000E+01  0.5050000E+02  0.0000000E+00
  0.3000000E+01  0.5000000E+02  0.0000000E+00
  0.3500000E+01  0.5050000E+02  0.0000000E+00
  0.4000000E+01  0.5000000E+02  0.0000000E+00
  0.4500000E+01  0.5050000E+02  0.0000000E+00
  0.5000000E+01  0.5000000E+02  0.0000000E+00
  0.5500000E+01  0.5050000E+02  0.0000000E+00
  0.6000000E+01  0.5000000E+02  0.0000000E+00
  0.6500000E+01  0.5050000E+02  0.0000000E+00
  0.7000000E+01  0.5000000E+02  0.0000000E+00
  0.7500000E+01  0.5050000E+02  0.0000000E+00
  0.8000000E+01  0.5000000E+02  0.0000000E+00
  0.8500000E+01  0.5050000E+02  0.0000000E+00
  0.9000000E+01  0.5000000E+02  0.0000000E+00
  0.9500000E+01  0.5050000E+02  0.0000000E+00
  0.0000000E+00  0.5100000E+02  0.0000000E+00
  0.5000000E+00  0.5150000E+02  0.0000000E+00
  0.1000000E+01  0.5100000E+02  0.0000000E+00
  0.1500000E+01  0.5150000E+02  0.0000000E+00
  0.2000000E+01  0.5100000E+02  0.0000000E+00
  0.2500000E+01  0.5150000E+02  0.0000000E+00
  0.3000000E+01  0.5100000E+02  0.0000000E+00
  0.3500000E+01  0.5150000E+02  0.0000000E+00
  0.4000000E+01  0.5100000E+02  0.0000000E+00
  0.4500000E+01  0.5150000E+02  0.0000000E+00
  0.5000000E+01  0.5100000E+02  0.0000000E+00
  0.5500000E+01  0.5150000E+02  0.0000000E+00
  0.6000000E+01  0.5100000E+02  0.0000000E+00
  0.6500000E+01  0.5150000E+02  0.0000000E+00
  0.7000000E+01  0.5100000E+02  0.0000000E+00
  0.7500000E+01  0.5150000E+02  0.0000000E+00
  0.8000000E+01  0.5100000E+02  0.0000000E+00
  0.8500000E+01  0.5150000E+02  0.0000000E+00
  0.9000000E+01  0.5100000E+02  0.0000000E+00
  0.9500000E+01  0.5150000E+02  0.0000000E+00
  0.0000000E+00  0.5200000E+02  0.0000000E+00
  0.5000000E+00  0.5250000E+02  0.0000000E+00
  0.1000000E+01  0.5200000E+02  0.0000000E+00
  0.1500000E+01  0.5250000E+02  0.0000000E+00
  0.2000000E+01  0.5200000E+02  0.0000000E+00
  0.2500000E+01  0.5250000E+02  0.0000000E+00
  0.3000000E+01  0.5200000E+02  0.0000000E+00
  0.3500000E+01  0.5250000E+02  0.0000000E+00
  0.4000000E+01  0.5200000E+02  0.0000000E+00
  0.4500000E+01  0.5250000E+02  0.0000000E+00
  0.5000000E+01  0.5200000E+02  0.0000000E+00
  0.5500000E+01  0.5250000E+02  0.0000000E+00
  0.6000000E+01  0.5200000E+02  0.0000000E+00
  0.6500000E+01  0.5250000E+02  0.0000000E+00
  0.7000000E+01  0.5200000E+02  0.0000000E+00
  0.7500000E+01  0.5250000E+02  0.0000000E+00
  0.8000000E+01  0.5200000E+02  0.0000000E+00
  0.8500000E+01  0.5250000E+02  0.0000000E+00
  0.9000000E+01  0.5200000E+02  0.0000000E+00
  0.9500000E+01  0.5250000E+02  0.0000000E+00
  0.0000000E+00  0.5300000E+02  0.0000000E+00
  0.5000000E+00  0.5350000E+02  0.0000000E+00
  0.1000000E+01  0.5300000E+02  0.0000000E+00
  0.1500000E+01  0.5350000E+02  0.0000000E+00
  0.2000000E+01  0.5300000E+02  0.0000000E+00
  0.2500000E+01  0.5350000E+02  0.0000000E+00
  0.3000000E+01  0.5300000E+02  0.0000000E+00
  0.3500000E+01  0.5350000E+02  0.0000000E+00
  0.4000000E+01  0.5300000E+02  0.0000000E+00
  0.4500000E+01  0.5350000E+02  0.0000000E+00
  0.5000000E+01  0.5300000E+02  0.0000000E+00
  0.5500000E+01  0.5350000E+02  0.0000000E+00
  0.6000000E+01  0.5300000E+02  0.0000000E+00
  0.6500000E+01  0.5350000E+02  0.0000000E+00
  0.7000000E+01  0.5300000E+02  0.0000000E+00
  0.7500000E+01  0.5350000E+02  0.0000000E+00
  0.8000000E+01  0.5300000E+02  0.0000000E+00
  0.8500000E+01  0.5350000E+02  0.0000000E+00
  0.9000000E+01  0.5300000E+02  0.0000000E+00
  0.9500000E+01  0.5350000E+02  0.0000000E+00
  0.0000000E+00  0.5400000E+02  0.0000000E+00
  0.5000000E+00  0.5450000E+02  0.0000000E+00
  0.1000000E+01  0.5400000E+02  0.0000000E+00
  0.1500000E+01  0.5450000E+02  0.0000000E+00
  0.2000000E+01  0.5400000E+02  0.0000000E+00
  0.2500000E+01  0.5450000E+02  0.0000000E+00
  0.3000000E+01  0.5400000E+02  0.0000000E+00
  0.3500000E+01  0.5450000E+02  0.0000000E+00
  0.4000000E+01  0.5400000E+02  0.0000000E+00
  0.4500000E+01  0.5450000E+02  0.0000000E+00
  0.5000000E+01  0.5400000E+02  0.0000000E+00
  0.5500000E+01  0.5450000E+02  0.0000000E+00
  0.6000000E+01  0.5400000E+02  0.0000000E+00
  0.6500000E+01  0.5450000E+02  0.0000000E+00
  0.7000000E+01  0.5400000E+02  0.0000000E+00
  0.7500000E+01  0.5450000E+02  0.0000000E+00
  0.8000000E+01  0.5400000E+02  0.0000000E+00
  0.8500000E+01  0.5450000E+02  0.0000000E+00
  0.9000000E+01  0.5400000E+02  0.0000000E+00
  0.9500000E+01  0.5450000E+02  0.0000000E+00
  0.0000000E+00  0.5500000E+02  0.0000000E+00
  0.5000000E+00  0.5550000E+02  0.0000000E+00
  0.1000000E+01  0.5500000E+02  0.0000000E+00
  0.1500000E+01  0.5550000E+02  0.0000000E+00
  0.2000000E+01  0.5500000E+02  0.0000000E+00
  0.2500000E+01  0.5550000E+02  0.0000000E+00
  0.3000000E+01  0.5500000E+02  0.0000000E+00
  0.3500000E+01  0.5550000E+02  0.0000000E+00
  0.4000000E+01  0.5500000E+02  0.0000000E+00
  0.4500000E+01  0.5550000E+02  0.0000000E+00
  0.5000000E+01  0.5500000E+02  0.0000000E+00
  0.5500000E+01  0.5550000E+02  0.0000000E+00
  0.6000000E+01  0.5500000E+02  0.0000000E+00
  0.6500000E+01  0.5550000E+02  0.0000000E+00
  0.7000000E+01  0.5500000E+02  0.0000000E+00
  0.7500000E+01  0.5550000E+02  0.0000000E+00
  0.8000000E+01  0.5500000E+02  0.0000000E+00
  0.8500000E+01  0.5550000E+02  0.0000000E+00
  0.9000000E+01  0.5500000E+02  0.0000000E+00
  0.9500000E+01  0.5550000E+02  0.0000000E+00
  0.0000000E+00  0.5600000E+02  0.0000000E+00
  0.5000000E+00  0.5650000E+02  0.0000000E+00
  0.1000000E+01  0.5600000E+02  0.0000000E+00
  0.1500000E+01  0.5650000E+02  0.0000000E+00
  0.2000000E+01  0.5600000E+02  0.0000000E+00
  0.2500000E+01  0.5650000E+02  0.0000000E+00
  0.3000000E+01  0.5600000E+02  0.0000000E+00
  0.3500000E+01  0.5650000E+02  0.0000000E+00
  0.4000000E+01  0.5600000E+02  0.0000000E+00
  0.4500000E+01  0.5650000E+02  0.0000000E+00
  0.5000000E+01  0.5600000E+02  0.0000000E+00
  0.5500000E+01  0.5650000E+02  0.0000000E+00
  0.6000000E+01  0.5600000E+02  0.0000000E+00
  0.6500000E+01  0.5650000E+02  0.0000000E+00
  0.7000000E+01  0.5600000E+02  0.0000000E+00
  0.7500000E+01  0.5650000E+02  0.0000000E+00
  0.8000000E+01  0.5600000E+02  0.0000000E+00
  0.8500000E+01  0.5650000E+02  0.0000000E+00
  0.9000000E+01  0.5600000E+02  0.0000000E+00
  0.9500000E+01  0.5650000E+02  0.0000000E+00
  0.0000000E+00  0.5700000E+02  0.0000000E+00
  0.5000000E+00  0.5750000E+02  0.0000000E+00
  0.1000000E+01  0.5700000E+02  0.0000000E+00
  0.1500000E+01  0.5750000E+02  0.0000000E+00
  0.2000000E+01  0.5700000E+02  0.0000000E+00
  0.2500000E+01  0.5750000E+02  0.0000000E+00
  0.3000000E+01  0.5700000E+02  0.0000000E+00
  0.3500000E+01  0.5750000E+02  0.0000000E+00
  0.4000000E+01  0.5700000E+02  0.0000000E+00
  0.4500000E+01  0.5750000E+02  0.0000000E+00
  0.5000000E+01  0.5700000E+02  0.0000000E+00
  0.5500000E+01  0.5750000E+02  0.0000000E+00
  0.6000000E+01  0.5700000E+02  0.0000000E+00
  0.6500000E+01  0.5750000E+02  0.0000000E+00
  0.7000000E+01  0.5700000E+02  0.0000000E+00
  0.7500000E+01  0.5750000E+02  0.0000000E+00
  0.8000000E+01  0.5700000E+02  0.0000000E+00
  0.8500000E+01  0.5750000E+02  0.0000000E+00
  0.9000000E+01  0.5700000E+02  0.0000000E+00
  0.9500000E+01  0.5750000E+02  0.0000000E+00
  0.0000000E+00  0.5800000E+02  0.0000000E+00
  0.5000000E+00  0.5850000E+02  0.0000000E+00
  0.1000000E+01  0.5800000E+02  0.0000000E+00
  0.1500000E+01  0.5850000E+02  0.0000000E+00
  0.2000000E+01  0.5800000E+02  0.0000000E+00
  0.2500000E+01  0.5850000E+02  0.0000000E+00
  0.3000000E+01  0.5800000E+02  0.0000000E+00
  0.3500000E+01  0.5850000E+02  0.0000000E+00
  0.4000000E+01  0.5800000E+02  0.0000000E+00
  0.4500000E+01  0.5850000E+02  0.0000000E+00
  0.5000000E+01  0.5800000E+02  0.0000000E+00
  0.5500000E+01  0.5850000E+02  0.0000000E+00
  0.6000000E+01  0.5800000E+02  0.0000000E+00
  0.6500000E+01  0.5850000E+02  0.0000000E+00
  0.7000000E+01  0.5800000E+02  0.0000000E+00
  0.7500000E+01  0.5850000E+02  0.0000000E+00
  0.8000000E+01  0.5800000E+02  0.0000000E+00
  0.8500000E+01  0.5850000E+02  0.0000000E+00
  0.9000000E+01  0.5800000E+02  0.0000000E+00
  0.9500000E+01  0.5850000E+02  0.0000000E+00
  0.0000000E+00  0.5900000E+02  0.0000000E+00
  0.5000000E+00  0.5950000E+02  0.0000000E+00
  0.1000000E+01  0.5900000E+02  0.0000000E+00
  0.1500000E+01  0.5950000E+02  0.0000000E+00
  0.2000000E+01  0.5900000E+02  0.0000000E+00
  0.2500000E+01  0.5950000E+02  0.0000000E+00
  0.3000000E+01  0.5900000E+02  0.0000000E+00
  0.3500000E+01  0.5950000E+02  0.0000000E+00
  0.4000000E+01  0.5900000E+02  0.0000000E+00
  0.4500000E+01  0.5950000E+02  0.0000000E+00
  0.5000000E+01  0.5900000E+02  0.0000000E+00
  0.5500000E+01  0.5950000E+02  0.0000000E+00
  0.6000000E+01  0.5900000E+02  0.0000000E+00
  0.6500000E+01  0.5950000E+02  0.0000000E+00
  0.7000000E+01  0.5900000E+02  0.0000000E+00
  0.7500000E+01  0.5950000E+02  0.0000000E+00
  0.8000000E+01  0.5900000E+02  0.0000000E+00
  0.8500000E+01  0.5950000E+02  0.0000000E+00
  0.9000000E+01  0.5900000E+02  0.0000000E+00
  0.9500000E+01  0.5950000E+02  0.0000000E+00
  0.0000000E+00  0.6000000E+02  0.0000000E+00
  0.5000000E+00  0.6050000E+02  0.0000000E+00
  0.1000000E+01  0.6000000E+02  0.0000000E+00
  0.1500000E+01  0.6050000E+02  0.0000000E+00
  0.2000000E+01  0.6000000E+02  0.0000000E+00
  0.2500000E+01  0.6050000E+02  0.0000000E+00
  0.3000000E+01  0.6000000E+02  0.0000000E+00
  0.3500000E+01  0.6050000E+02  0.0000000E+00
  0.4000000E+01  0.6000000E+02  0.0000000E+00
  0.4500000E+01  0.6050000E+02  0.0000000E+00
  0.5000000E+01  0.6000000E+02  0.0000000E+00
  0.5500000E+01  0.6050000E+02  0.0000000E+00
  0.6000000E+01  0.6000000E+02  0.0000000E+00
  0.6500000E+01  0.6050000E+02  0.0000000E+00
  0.7000000E+01  0.6000000E+02  0.0000000E+00
  0.7500000E+01  0.6050000E+02  0.0000000E+00
  0.8000000E+01  0.6000000E+02  0.0000000E+00
  0.8500000E+01  0.6050000E+02  0.0000000E+00
  0.9000000E+01  0.6000000E+02  0.0000000E+00
  0.9500000E+01  0.6050000E+02  0.0000000E+00
  0.0000000E+00  0.6100000E+02  0.0000000E+00
  0.5000000E+00  0.6150000E+02  0.0000000E+00
  0.1000000E+01  0.6100000E+02  0.0000000E+00
  0.1500000E+01  0.6150000E+02  0.0000000E+00
  0.2000000E+01  0.6100000E+02  0.0000000E+00
  0.2500000E+01  0.6150000E+02  0.0000000E+00
  0.3000000E+01  0.6100000E+02  0.0000000E+00
  0.3500000E+01  0.6150000E+02  0.0000000E+00
  0.4000000E+01  0.6100000E+02  0.0000000E+00
  0.4500000E+01  0.6150000E+02  0.0000000E+00
  0.5000000E+01  0.6100000E+02  0.0000000E+00
  0.5500000E+01  0.6150000E+02  0.0000000E+00
  0.6000000E+01  0.6100000E+02  0.0000000E+00
  0.6500000E+01  0.6150000E+02  0.0000000E+00
  0.7000000E+01  0.6100000E+02  0.0000000E+00
  0.7500000E+01  0.6150000E+02  0.0000000E+00
  0.8000000E+01  0.6100000E+02  0.0000000E+00
  0.8500000E+01  0.6150000E+02  0.0000000E+00
  0.9000000E+01  0.6100000E+02  0.0000000E+00
  0.9500000E+01  0.6150000E+02  0.0000000E+00
  0.0000000E+00  0.6200000E+02  0.0000000E+00
  0.5000000E+00  0.6250000E+02  0.0000000E+00
  0.1000000E+01  0.6200000E+02  0.0000000E+00
  0.1500000E+01  0.6250000E+02  0.0000000E+00
  0.2000000E+01  0.6200000E+02  0.0000000E+00
  0.2500000E+01  0.6250000E+02  0.0000000E+00
  0.3000000E+01  0.6200000E+02  0.0000000E+00
  0.3500000E+01  0.6250000E+02  0.0000000E+00
  0.4000000E+01  0.6200000E+02  0.0000000E+00
  0.4500000E+01  0.6250000E+02  0.0000000E+00
  0.5000000E+01  0.6200000E+02  0.0000000E+00
  0.5500000E+01  0.6250000E+02  0.0000000E+00
  0.6000000E+01  0.6200000E+02  0.0000000E+00
  0.6500000E+01  0.6250000E+02  0.0000000E+00
  0.7000000E+01  0.6200000E+02  0.0000000E+00
  0.7500000E+01  0.6250000E+02  0.0000000E+00
  0.8000000E+01  0.6200000E+02  0.0000000E+00
  0.8500000E+01  0.6250000E+02  0.0000000E+00
  0.9000000E+01  0.6200000E+02  0.0000000E+00
  0.9500000E+01  0.6250000E+02  0.0000000E+00
  0.0000000E+00  0.6300000E+02  0.0000000E+00
  0.5000000E+00  0.6350000E+02  0.0000000E+00
  0.1000000E+01  0.6300000E+02  0.0000000E+00
  0.1500000E+01  0.6350000E+02  0.0000000E+00
  0.2000000E+01  0.6300000E+02  0.0000000E+00
  0.2500000E+01  0.6350000E+02  0.0000000E+00
  0.3000000E+01  0.6300000E+02  0.0000000E+00
  0.3500000E+01  0.6350000E+02  0.0000000E+00
  0.4000000E+01  0.6300000E+02  0.0000000E+00
  0.4500000E+01  0.6350000E+02  0.0000000E+00
  0.5000000E+01  0.6300000E+02  0.0000000E+00
  0.5500000E+01  0.6350000E+02  0.0000000E+00
  0.6000000E+01  0.6300000E+02  0.0000000E+00
  0.6500000E+01  0.6350000E+02  0.0000000E+00
  0.7000000E+01  0.6300000E+02  0.0000000E+00
  0.7500000E+01  0.6350000E+02  0.0000000E+00
  0.8000000E+01  0.6300000E+02  0.0000000E+00
  0.8500000E+01  0.6350000E+02  0.0000000E+00
  0.9000000E+01  0.6300000E+02  0.0000000E+00
  0.9500000E+01  0.6350000E+02  0.0000000E+00
  0.0000000E+00  0.6400000E+02  0.0000000E+00
  0.5000000E+00  0.6450000E+02  0.0000000E+00
  0.1000000E+01  0.6400000E+02  0.0000000E+00
  0.1500000E+01  0.6450000E+02  0.0000000E+00
  0.2000000E+01  0.6400000E+02  0.0000000E+00
  0.2500000E+01  0.6450000E+02  0.0000000E+00
  0.3000000E+01  0.6400000E+02  0.0000000E+00
  0.3500000E+01  0.6450000E+02  0.0000000E+00
  0.4000000E+01  0.6400000E+02  0.0000000E+00
  0.4500000E+01  0.6450000E+02  0.0000000E+00
  0.5000000E+01  0.6400000E+02  0.0000000E+00
  0.5500000E+01  0.6450000E+02  0.0000000E+00
  0.6000000E+01  0.6400000E+02  0.0000000E+00
  0.6500000E+01  0.6450000E+02  0.0000000E+00
  0.7000000E+01  0.6400000E+02  0.0000000E+00
  0.7500000E+01  0.6450000E+02  0.0000000E+00
  0.8000000E+01  0.6400000E+02  0.0000000E+00
  0.8500000E+01  0.6450000E+02  0.0000000E+00
  0.9000000E+01  0.6400000E+02  0.0000000E+00
  0.9500000E+01  0.6450000E+02  0.0000000E+00
  0.0000000E+00  0.6500000E+02  0.0000000E+00
  0.5000000E+00  0.6550000E+02  0.0000000E+00
  0.1000000E+01  0.6500000E+02  0.0000000E+00
  0.1500000E+01  0.6550000E+02  0.0000000E+00
  0.2000000E+01  0.6500000E+02  0.0000000E+00
  0.2500000E+01  0.6550000E+02  0.0000000E+00
  0.3000000E+01  0.6500000E+02  0.0000000E+00
  0.3500000E+01  0.6550000E+02  0.0000000E+00
  0.4000000E+01  0.6500000E+02  0.0000000E+00
  0.4500000E+01  0.6550000E+02  0.0000000E+00
  0.5000000E+01  0.6500000E+02  0.0000000E+00
  0.5500000E+01  0.6550000E+02  0.0000000E+00
  0.6000000E+01  0.6500000E+02  0.0000000E+00
  0.6500000E+01  0.6550000E+02  0.0000000E+00
  0.7000000E+01  0.6500000E+02  0.0000000E+00
  0.7500000E+01  0.6550000E+02  0.0000000E+00
  0.8000000E+01  0.6500000E+02  0.0000000E+00
  0.8500000E+01  0.6550000E+02  0.0000000E+00
  0.9000000E+01  0.6500000E+02  0.0000000E+00
  0.9500000E+01  0.6550000E+02  0.0000000E+00
  0.0000000E+00  0.6600000E+02  0.0000000E+00
  0.5000000E+00  0.6650000E+02  0.0000000E+00
  0.1000000E+01  0.6600000E+02  0.0000000E+00
  0.1500000E+01  0.6650000E+02  0.0000000E+00
  0.2000000E+01  0.6600000E+02  0.0000000E+00
  0.2500000E+01  0.6650000E+02  0.0000000E+00
  0.3000000E+01  0.6600000E+02  0.0000000E+00
  0.3500000E+01  0.6650000E+02  0.0000000E+00
  0.4000000E+01  0.6600000E+02  0.0000000E+00
  0.4500000E+01  0.6650000E+02  0.0000000E+00
  0.5000000E+01  0.6600000E+02  0.0000000E+00
  0.5500000E+01  0.6650000E+02  0.0000000E+00
  0.6000000E+01  0.6600000E+02  0.0000000E+00
  0.6500000E+01  0.6650000E+02  0.0000000E+00
  0.7000000E+01  0.6600000E+02  0.0000000E+00
  0.7500000E+01  0.6650000E+02  0.0000000E+00
  0.8000000E+01  0.6600000E+02  0.0000000E+00
  0.8500000E+01  0.6650000E+02  0.0000000E+00
  0.9000000E+01  0.6600000E+02  0.0000000E+00
  0.9500000E+01  0.6650000E+02  0.0000000E+00
  0.0000000E+00  0.6700000E+02  0.0000000E+00
  0.5000000E+00  0.6750000E+02  0.0000000E+00
  0.1000000E+01  0.6700000E+02  0.0000000E+00
  0.1500000E+01  0.6750000E+02  0.0000000E+00
  0.2000000E+01  0.6700000E+02  0.0000000E+00
  0.2500000E+01  0.6750000E+02  0.0000000E+00
  0.3000000E+01  0.6700000E+02  0.0000000E+00
  0.3500000E+01  0.6750000E+02  0.0000000E+00
  0.4000000E+01  0.6700000E+02  0.0000000E+00
  0.4500000E+01  0.6750000E+02  0.0000000E+00
  0.5000000E+01  0.6700000E+02  0.0000000E+00
  0.5500000E+01  0.6750000E+02  0.0000000E+00
  0.6000000E+01  0.6700000E+02  0.0000000E+00
  0.6500000E+01  0.6750000E+02  0.0000000E+00
  0.7000000E+01  0.6700000E+02  0.0000000E+00
  0.7500000E+01  0.6750000E+02  0.0000000E+00
  0.8000000E+01  0.6700000E+02  0.0000000E+00
  0.8500000E+01  0.6750000E+02  0.0000000E+00
  0.9000000E+01  0.6700000E+02  0.0000000E+00
  0.9500000E+01  0.6750000E+02  0.0000000E+00
  0.0000000E+00  0.6800000E+02  0.0000000E+00
  0.5000000E+00  0.6850000E+02  0.0000000E+00
  0.1000000E+01  0.6800000E+02  0.0000000E+00
  0.1500000E+01  0.6850000E+02  0.0000000E+00
  0.2000000E+01  0.6800000E+02  0.0000000E+00
  0.2500000E+01  0.6850000E+02  0.0000000E+00
  0.3000000E+01  0.6800000E+02  0.0000000E+00
  0.3500000E+01  0.6850000E+02  0.0000000E+00
  0.4000000E+01  0.6800000E+02  0.0000000E+00
  0.4500000E+01  0.6850000E+02  0.0000000E+00
  0.5000000E+01  0.6800000E+02  0.0000000E+00
  0.5500000E+01  0.6850000E+02  0.0000000E+00
  0.6000000E+01  0.6800000E+02  0.0000000E+00
  0.6500000E+01  0.6850000E+02  0.0000000E+00
  0.7000000E+01  0.6800000E+02  0.0000000E+00
  0.7500000E+01  0.6850000E+02  0.0000000E+00
  0.8000000E+01  0.6800000E+02  0.0000000E+00
  0.8500000E+01  0.6850000E+02  0.0000000E+00
  0.9000000E+01  0.6800000E+02  0.0000000E+00
  0.9500000E+01  0.6850000E+02  0.0000000E+00
  0.0000000E+00  0.6900000E+02  0.0000000E+00
  0.5000000E+00  0.6950000E+02  0.0000000E+00
  0.1000000E+01  0.6900000E+02  0.0000000E+00
  0.1500000E+01  0.6950000E+02  0.0000000E+00
  0.2000000E+01  0.6900000E+02  0.0000000E+00
  0.2500000E+01  0.6950000E+02  0.0000000E+00
  0.3000000E+01  0.6900000E+02  0.0000000E+00
  0.3500000E+01  0.6950000E+02  0.0000000E+00
  0.4000000E+01  0.6900000E+02  0.0000000E+00
  0.4500000E+01  0.6950000E+02  0.0000000E+00
  0.5000000E+01  0.6900000E+02  0.0000000E+00
  0.5500000E+01  0.6950000E+02  0.0000000E+00
  0.6000000E+01  0.6900000E+02  0.0000000E+00
  0.6500000E+01  0.6950000E+02  0.0000000E+00
  0.7000000E+01  0.6900000E+02  0.0000000E+00
  0.7500000E+01  0.6950000E+02  0.0000000E+00
  0.8000000E+01  0.6900000E+02  0.0000000E+00
  0.8500000E+01  0.6950000E+02  0.0000000E+00
  0.9000000E+01  0.6900000E+02  0.0000000E+00
  0.9500000E+01  0.6950000E+02  0.0000000E+00
  0.0000000E+00  0.7000000E+02  0.0000000E+00
  0.5000000E+00  0.7050000E+02  0.0000000E+00
  0.1000000E+01  0.7000000E+02  0.0000000E+00
  0.1500000E+01  0.7050000E+02  0.0000000E+00
  0.2000000E+01  0.7000000E+02  0.0000000E+00
  0.2500000E+01  0.7050000E+02  0.0000000E+00
  0.3000000E+01  0.7000000E+02  0.0000000E+00
  0.3500000E+01  0.7050000E+02  0.0000000E+00
  0.4000000E+01  0.7000000E+02  0.0000000E+00
  0.4500000E+01  0.7050000E+02  0.0000000E+00
  0.5000000E+01  0.7000000E+02  0.0000000E+00
  0.5500000E+01  0.7050000E+02  0.0000000E+00
  0.6000000E+01  0.7000000E+02  0.0000000E+00
  0.6500000E+01  0.7050000E+02  0.0000000E+00
  0.7000000E+01  0.7000000E+02  0.0000000E+00
  0.7500000E+01  0.7050000E+02  0.0000000E+00
  0.8000000E+01  0.7000000E+02  0.0000000E+00
  0.8500000E+01  0.7050000E+02  0.0000000E+00
  0.9000000E+01  0.7000000E+02  0.0000000E+00
  0.9500000E+01  0.7050000E+02  0.0000000E+00
  0.0000000E+00  0.7100000E+02  0.0000000E+00
  0.5000000E+00  0.7150000E+02  0.0000000E+00
  0.1000000E+01  0.7100000E+02  0.0000000E+00
  0.1500000E+01  0.7150000E+02  0.0000000E+00
  0.2000000E+01  0.7100000E+02  0.0000000E+00
  0.2500000E+01  0.7150000E+02  0.0000000E+00
  0.3000000E+01  0.7100000E+02  0.0000000E+00
  0.3500000E+01  0.7150000E+02  0.0000000E+00
  0.4000000E+01  0.7100000E+02  0.0000000E+00
  0.4500000E+01  0.7150000E+02  0.0000000E+00
  0.5000000E+01  0.7100000E+02  0.0000000E+00
  0.5500000E+01  0.7150000E+02  0.0000000E+00
  0.6000000E+01  0.7100000E+02  0.0000000E+00
  0.6500000E+01  0.7150000E+02  0.0000000E+00
  0.7000000E+01  0.7100000E+02  0.0000000E+00
  0.7500000E+01  0.7150000E+02  0.0000000E+00
  0.8000000E+01  0.7100000E+02  0.0000000E+00
  0.8500000E+01  0.7150000E+02  0.0000000E+00
  0.9000000E+01  0.7100000E+02  0.0000000E+00
  0.9500000E+01  0.7150000E+02  0.0000000E+00
  0.0000000E+00  0.7200000E+02  0.0000000E+00
  0.5000000E+00  0.7250000E+02  0.0000000E+00
  0.1000000E+01  0.7200000E+02  0.0000000E+00
  0.1500000E+01  0.7250000E+02  0.0000000E+00
  0.2000000E+01  0.7200000E+02  0.0000000E+00
  0.2500000E+01  0.7250000E+02  0.0000000E+00
  0.3000000E+01  0.7200000E+02  0.0000000E+00
  0.3500000E+01  0.7250000E+02  0.0000000E+00
  0.4000000E+01  0.7200000E+02  0.0000000E+00
  0.4500000E+01  0.7250000E+02  0.0000000E+00
  0.5000000E+01  0.7200000E+02  0.0000000E+00
  0.5500000E+01  0.7250000E+02  0.0000000E+00
  0.6000000E+01  0.7200000E+02  0.0000000E+00
  0.6500000E+01  0.7250000E+02  0.0000000E+00
  0.7000000E+01  0.7200000E+02  0.0000000E+00
  0.7500000E+01  0.7250000E+02  0.0000000E+00
  0.8000000E+01  0.7200000E+02  0.0000000E+00
  0.8500000E+01  0.7250000E+02  0.0000000E+00
  0.9000000E+01  0.7200000E+02  0.0000000E+00
  0.9500000E+01  0.7250000E+02  0.0000000E+00
  0.0000000E+00  0.7300000E+02  0.0000000E+00
  0.5000000E+00  0.7350000E+02  0.0000000E+00
  0.1000000E+01  0.7300000E+02  0.0000000E+00
  0.1500000E+01  0.7350000E+02  0.0000000E+00
  0.2000000E+01  0.7300000E+02  0.0000000E+00
  0.2500000E+01  0.7350000E+02  0.0000000E+00
  0.3000000E+01  0.7300000E+02  0.0000000E+00
  0.3500000E+01  0.7350000E+02  0.0000000E+00
  0.4000000E+01  0.7300000E+02  0.0000000E+00
  0.4500000E+01  0.7350000E+02  0.0000000E+00
  0.5000000E+01  0.7300000E+02  0.0000000E+00
  0.5500000E+01  0.7350000E+02  0.0000000E+00
  0.6000000E+01  0.7300000E+02  0.0000000E+00
  0.6500000E+01  0.7350000E+02  0.0000000E+00
  0.7000000E+01  0.7300000E+02  0.0000000E+00
  0.7500000E+01  0.7350000E+02  0.0000000E+00
  0.8000000E+01  0.7300000E+02  0.0000000E+00
  0.8500000E+01  0.7350000E+02  0.0000000E+00
  0.9000000E+01  0.7300000E+02  0.0000000E+00
  0.9500000E+01  0.7350000E+02  0.0000000E+00
  0.0000000E+00  0.7400000E+02  0.0000000E+00
  0.5000000E+00  0.7450000E+02  0.0000000E+00
  0.1000000E+01  0.7400000E+02  0.0000000E+00
  0.1500000E+01  0.7450000E+02  0.0000000E+00
  0.2000000E+01  0.7400000E+02  0.0000000E+00
  0.2500000E+01  0.7450000E+02  0.0000000E+00
  0.3000000E+01  0.7400000E+02  0.0000000E+00
  0.3500000E+01  0.7450000E+02  0.0000000E+00
  0.4000000E+01  0.7400000E+02  0.0000000E+00
  0.4500000E+01  0.7450000E+02  0.0000000E+00
  0.5000000E+01  0.7400000E+02  0.0000000E+00
  0.5500000E+01  0.7450000E+02  0.0000000E+00
  0.6000000E+01  0.7400000E+02  0.0000000E+00
  0.6500000E+01  0.7450000E+02  0.0000000E+00
  0.7000000E+01  0.7400000E+02  0.0000000E+00
  0.7500000E+01  0.7450000E+02  0.0000000E+00
  0.8000000E+01  0.7400000E+02  0.0000000E+00
  0.8500000E+01  0.7450000E+02  0.0000000E+00
  0.9000000E+01  0.7400000E+02  0.0000000E+00
  0.9500000E+01  0.7450000E+02  0.0000000E+00
  0.0000000E+00  0.7500000E+02  0.0000000E+00
  0.5000000E+00  0.7550000E+02  0.0000000E+00
  0.1000000E+01  0.7500000E+02  0.0000000E+00
  0.1500000E+01  0.7550000E+02  0.0000000E+00
  0.2000000E+01  0.7500000E+02  0.0000000E+00
  0.2500000E+01  0.7550000E+02  0.0000000E+00
  0.3000000E+01  0.7500000E+02  0.0000000E+00
  0.3500000E+01  0.7550000E+02  0.0000000E+00
  0.4000000E+01  0.7500000E+02  0.0000000E+00
  0.4500000E+01  0.7550000E+02  0.0000000E+00
  0.5000000E+01  0.7500000E+02  0.0000000E+00
  0.5500000E+01  0.7550000E+02  0.0000000E+00
  0.6000000E+01  0.7500000E+02  0.0000000E+00
  0.6500000E+01  0.7550000E+02  0.0000000E+00
  0.7000000E+01  0.7500000E+02  0.0000000E+00
  0.7500000E+01  0.7550000E+02  0.0000000E+00
  0.8000000E+01  0.7500000E+02  0.0000000E+00
  0.8500000E+01  0.7550000E+02  0.0000000E+00
  0.9000000E+01  0.7500000E+02  0.0000000E+00
  0.9500000E+01  0.7550000E+02  0.0000000E+00
  0.0000000E+00  0.7600000E+02  0.0000000E+00
  0.5000000E+00  0.7650000E+02  0.0000000E+00
  0.1000000E+01  0.7600000E+02  0.0000000E+00
  0.1500000E+01  0.7650000E+02  0.0000000E+00
  0.2000000E+01  0.7600000E+02  0.0000000E+00
  0.2500000E+01  0.7650000E+02  0.0000000E+00
  0.3000000E+01  0.7600000E+02  0.0000000E+00
  0.3500000E+01  0.7650000E+02  0.0000000E+00
  0.4000000E+01  0.7600000E+02  0.0000000E+00
  0.4500000E+01  0.7650000E+02  0.0000000E+00
  0.5000000E+01  0.7600000E+02  0.0000000E+00
  0.5500000E+01  0.7650000E+02  0.0000000E+00
  0.6000000E+01  0.7600000E+02  0.0000000E+00
  0.6500000E+01  0.7650000E+02  0.0000000E+00
  0.7000000E+01  0.7600000E+02  0.0000000E+00
  0.7500000E+01  0.7650000E+02  0.0000000E+00
  0.8000000E+01  0.7600000E+02  0.0000000E+00
  0.8500000E+01  0.7650000E+02  0.0000000E+00
  0.9000000E+01  0.7600000E+02  0.0000000E+00
  0.9500000E+01  0.7650000E+02  0.0000000E+00
  0.0000000E+00  0.7700000E+02  0.0000000E+00
  0.5000000E+00  0.7750000E+02  0.0000000E+00
  0.1000000E+01  0.7700000E+02  0.0000000E+00
  0.1500000E+01  0.7750000E+02  0.0000000E+00
  0.2000000E+01  0.7700000E+02  0.0000000E+00
  0.2500000E+01  0.7750000E+02  0.0000000E+00
  0.3000000E+01  0.7700000E+02  0.0000000E+00
  0.3500000E+01  0.7750000E+02  0.0000000E+00
  0.4000000E+01  0.7700000E+02  0.0000000E+00
  0.4500000E+01  0.7750000E+02  0.0000000E+00
  0.5000000E+01  0.7700000E+02  0.0000000E+00
  0.5500000E+01  0.7750000E+02  0.0000000E+00
  0.6000000E+01  0.7700000E+02  0.0000000E+00
  0.6500000E+01  0.7750000E+02  0.0000000E+00
  0.7000000E+01  0.7700000E+02  0.0000000E+00
  0.7500000E+01  0.7750000E+02  0.0000000E+00
  0.8000000E+01  0.7700000E+02  0.0000000E+00
  0.8500000E+01  0.7750000E+02  0.0000000E+00
  0.9000000E+01  0.7700000E+02  0.0000000E+00
  0.9500000E+01  0.7750000E+02  0.0000000E+00
  0.0000000E+00  0.7800000E+02  0.0000000E+00
  0.5000000E+00  0.7850000E+02  0.0000000E+00
  0.1000000E+01  0.7800000E+02  0.0000000E+00
  0.1500000E+01  0.7850000E+02  0.0000000E+00
  0.2000000E+01  0.7800000E+02  0.0000000E+00
  0.2500000E+01  0.7850000E+02  0.0000000E+00
  0.3000000E+01  0.7800000E+02  0.0000000E+00
  0.3500000E+01  0.7850000E+02  0.0000000E+00
  0.4000000E+01  0.7800000E+02  0.0000000E+00
  0.4500000E+01  0.7850000E+02  0.0000000E+00
  0.5000000E+01  0.7800000E+02  0.0000000E+00
  0.5500000E+01  0.7850000E+02  0.0000000E+00
  0.6000000E+01  0.7800000E+02  0.0000000E+00
  0.6500000E+01  0.7850000E+02  0.0000000E+00
  0.7000000E+01  0.7800000E+02  0.0000000E+00
  0.7500000E+01  0.7850000E+02  0.0000000E+00
  0.8000000E+01  0.7800000E+02  0.0000000E+00
  0.8500000E+01  0.7850000E+02  0.0000000E+00
  0.9000000E+01  0.7800000E+02  0.0000000E+00
  0.9500000E+01  0.7850000E+02  0.0000000E+00
  0.0000000E+00  0.7900000E+02  0.0000000E+00
  0.5000000E+00  0.7950000E+02  0.0000000E+00
  0.1000000E+01  0.7900000E+02  0.0000000E+00
  0.1500000E+01  0.7950000E+02  0.0000000E+00
  0.2000000E+01  0.7900000E+02  0.0000000E+00
  0.2500000E+01  0.7950000E+02  0.0000000E+00
  0.3000000E+01  0.7900000E+02  0.0000000E+00
  0.3500000E+01  0.7950000E+02  0.0000000E+00
  0.4000000E+01  0.7900000E+02  0.0000000E+00
  0.4500000E+01  0.7950000E+02  0.0000000E+00
  0.5000000E+01  0.7900000E+02  0.0000000E+00
  0.5500000E+01  0.7950000E+02  0.0000000E+00
  0.6000000E+01  0.7900000E+02  0.0000000E+00
  0.6500000E+01  0.7950000E+02  0.0000000E+00
  0.7000000E+01  0.7900000E+02  0.0000000E+00
  0.7500000E+01  0.7950000E+02  0.0000000E+00
  0.8000000E+01  0.7900000E+02  0.0000000E+00
  0.8500000E+01  0.7950000E+02  0.0000000E+00
  0.9000000E+01  0.7900000E+02  0.0000000E+00
  0.9500000E+01  0.7950000E+02  0.0000000E+00
